# number indicates number of vertices along path
# PLEASE DO NOT MODIFY THIS FILE
274
760706748
3178363987
4422378712
760706509
760706508
3257627657
3257627656
3257627655
760706507
35719130
760706506
35719129
760706505
760706504
760706503
760706502
760706501
35719128
760706500
760706499
760706498
251225766
760706497
35719127
760706496
760706495
251225765
760705995
251225764
760705992
35719126
251225761
760705985
251225760
760705984
760705983
35719125
760705982
251225763
3257627654
760705979
760705977
251225762
760705974
35719124
760705970
760705968
760705967
1329086501
35719123
35719122
760705966
760705964
699550674
760705962
35719121
760705960
760705958
760705957
1329086484
35719120
1329086468
760705954
4969676696
760705952
760705950
35719119
828422577
35719115
35719114
760702320
760702317
35719113
760702315
760702313
760702311
35719112
35719111
760874901
35719110
760874929
35719109
760874908
444157967
53054999
4333613294
309013415
760874887
53055000
4333613084
56819228
4333613081
53058932
4333613080
2252623318
4333613069
53020994
267631963
267631954
4333613059
53058934
394216371
267631967
696215423
53058936
4333613055
394180802
1419660772
267632093
267632092
4330828811
267632091
267632090
53092735
1419661068
4330828813
53111879
4330828815
1419660793
53111880
394180763
394180764
4330828814
53081908
267632051
843009175
394180759
267632052
53082163
394180756
57059663
394180757
394180758
57059669
4330828790
53154694
4330828685
394180751
4330828682
53082603
4330828675
394180597
267632056
2844599474
53152991
2844599473
394180418
4330828671
4330828668
4330828666
4330828664
4330828662
2844485696
394180316
267632101
4330828663
53060402
4330828659
1214221907
1214221837
53088582
394179841
394179843
1214221905
394179845
1214221877
53088583
1214221916
53088585
1214221839
514117760
53047456
1214221835
514117761
3964998892
1214221880
1214221913
1214221851
53031582
1214221859
394179290
1214221845
1214221846
267632138
1214221898
1214221861
267632134
1214221870
1214221893
5106682771
5106682770
5106682769
5106682768
5106682767
1214221894
5106682764
5106682765
5106682766
394179289
5106682761
92773135
92773129
267632173
1214221891
92760834
661785284
92760821
661785285
661785287
53086341
267632181
267632185
661784799
661784800
53086342
3965001458
661782144
267632225
92760811
661782145
92760803
661782146
267632223
661782147
92760791
661782148
267632221
661782149
53086343
53049943
267632222
661780379
661780377
92760776
92760787
661780374
661780371
53049941
661780356
661780352
53049939
432426363
432426362
432426361
432426360
432426359
53100297
4676905799
4676905798
92721207
53066296
53054876
92721251
92721262
92721268
53041860
92721276
92721288
92721300
3386879841
92721307
53041859
92721195
3386879840
3386879839
3386879838
92721189
3386879837
3386879836
3386879835
53041857
92721175
92721179
92721185
19
53076845
53076852
58443169
4226524585
53082187
4260281369
4260281370
53058046
240404706
4225207008
53050596
4225207004
4621431267
53082185
4225207003
4225206998
53047322
4225206995
53047324
4
266417451
266417450
53086032
265520332
5
2345064433
2345064429
2345064428
35718832
2345064427
3
4918942058
53117466
53107859
16
3366723735
4923455146
1717481154
1237076021
283261593
1490111982
4175858562
4559569714
283261544
2817627467
1490417526
4559569708
4923455376
53073985
4559569702
4175858561
16
4235206812
53130811
4235206807
53043845
283261510
4235206800
283261515
4168260357
283261516
4235205784
2322645922
53046610
53092794
53052373
2820207938
53052374
2
661803731
265519105
