# order of params: ullon, ullat, lrlon, lrlat, w, h.
# DO NOT MODIFY FILE
-122.23995662778569
37.877266154010954
-122.22275132672245
37.85829260830337
613.0
676.0
-122.29288796055374
37.88362657285339
-122.2756847672312
37.85601498428901
557.0
894.0
-122.2325986736921
37.840256238827735
-122.23108224034448
37.83815211143175
498.0
691.0
-122.22377643106952
37.87173868051746
-122.22233073952532
37.869362091650515
542.0
891.0
-122.26619405084925
37.82953667300465
-122.25832077677325
37.82602305178871
912.0
407.0
-122.28228648482563
37.835258875938976
-122.2770021115731
37.83131775627451
775.0
578.0
-122.29771559292743
37.853836257015224
-122.27924351663525
37.84096510754171
841.0
586.0
-122.23326874429999
37.846094782003604
-122.2325964987882
37.84560520035915
633.0
461.0
