50
13 24
21 49
45  0
21 44
46 43
 0 26
34 15
15 39
 5 24
10 40
 9 45
 6 41
 9 23
 0 12
21  3
34 36
12 43
31 13
 6 48
18 43
 5 28
11 19
19 13
23 31
 5 26
43 42
16 48
34 46
46 21
48 20
31  5
45  6
12 22
49 27
 8 31
38  5
40 24
 8 42
 4 24
 6 14
 8 22
24  0
 7 46
26 48
 7 43
 7  3
22  4
 1 25
14  6
49 44
35 23
36 21
41 39
38 25
21 45
29 39
22 31
17 20
22  0
30  7
 9 46
26  7
 3 16
 0 18
16  9
13 35
16 10
43  8
12  6
35 11
37 38
38 40
29 26
 6 40
19 27
48 47
 3 29
20 37
25 33
27  2
21  5
25 31
30  0
12 11
28 28
 3 18
44 17
43 33
16  3
18 27
34  2
10 11
30 11
 3 17
17 46
 8 18
 9 35
18 13
 1 32
19 11
35 29
38 32
 1 40
11 46
38 30
27 42
 7 16
48 22
40 46
13 13
10 48
16 15
19 28
24 23
36 10
12 34
11 27
12 36
11 48
32 11
44 29
36 41
 7  1
12 20
43 45
38 41
49 47
10 23
28  0
37 37
19 16
14 16
 4 25
14 45
28 43
31 16
45  9
21 13
23 14
 9 22
28 39
43  2
 1  1
42 16
26 10
11 42
47 40
11  5
20 42
40 21
22  1
27  6
34 39
36 46
21 42
26 20
35 35
35 25
41 38
36 24
49 33
 5 40
38  2
11 43
 8  4
33 39
12  8
 5 34
37 48
10 31
21 23
 1  0
45 31
42 34
26  1
42  7
35  6
 9 27
13 22
22 19
30  1
43 37
27 18
42  5
42 23
23  3
45 25
13  9
48 45
43 44
 7 45
10 13
 1 44
 2  2
25  9
 2 42
 7 39
46  1
19 43
15 27
28 11
34 23
13 47
48 23
30 29
39 13
36 43
42  6
18 16
16 21
34  8
37 47
43  6
 5 37
17 12
 3  7
25 23
45 17
23 32
14 19
22 15
39 25
 7 40
27  4
 7 27
45 29
45 14
48 44
49 26
39  8
26  4
47 10
39  0
 1 38
 1 41
37 20
37 33
20 16
49 13
47 28
47 30
37 10
19 33
16 40
29 25
 6 17
 9 37
16 38
38  4
32 47
25 14
38  0
10  3
43 34
19 34
 0 11
25 18
48  4
25 39
 9  4
18 33
23 25
 5 11
 6 18
14 10
44 47
27 17
 3 33
25 25
40 45
 1 12
 0  8
 0 27
39  7
34 41
46 11
 5 15
 5  3
27 14
35 46
44 32
37 49
19 18
49  2
11 10
15 36
20 35
11 33
27 26
13 27
 7 49
39  6
26 40
42 27
24 29
18  6
32  3
 2 45
33  7
11 12
 4 11
 5 14
30 42
47 32
35 22
22 38
25 46
49 23
39 26
22 37
21  9
24  2
39 48
 0 28
49 39
24 22
 3 11
46  8
28 24
 1  8
40 27
41 47
17 23
23 37
10 43
28 46
22 14
26 16
42 19
35 10
 6  4
 8 35
22 42
 3 43
 0 39
15 30
37 26
 4 18
26 47
 2 29
 4 27
47 15
21  4
39 44
13 44
 7 10
15 13
32 41
23 30
15 29
40 36
33 24
 7 25
16 12
19 20
20 49
42 29
36 30
35 49
22 45
 0 16
46 19
14 26
31 29
38 44
29  0
26 49
21 31
34 32
31 35
42 21
43 12
28 42
26  3
 3 22
37 27
 6 47
 2 10
37  0
16 25
32  1
39 36
47 26
 9 28
38  9
13 30
49 40
37 25
47 39
44 49
20 46
27 12
36 40
43 13
33 30
15  7
18 32
44 26
41 18
14 27
 0 42
19  6
 7 42
18 21
 7 15
25 43
 8 15
49 14
21 36
17 19
41 20
46 20
 5 48
24 35
25 38
34 10
29  8
15 44
27 28
23 18
 4 32
43 41
 7 24
11 34
43 17
25  3
25 47
42 11
 6 10
 2  4
45 34
32  8
15 35
42  2
 0 33
12 24
33 16
27 34
19  5
16  6
18 31
36  4
19 49
14 24
35 21
30 13
18 45
 5  7
17 28
23 28
18  1
12 23
26 34
40 34
20 26
 0 25
46 42
40 43
 0 13
27 31
38 36
34 44
38 48
 5  0
44  3
39 20
36  0
 9 16
39 42
23  9
28 33
 5  5
17 36
18 10
35 34
45 38
25 26
33 22
33 33
10 44
14 22
48 35
45 21
 3 14
 8 26
34 21
42 26
 5 39
 4 47
30  2
32 46
34 27
40 20
37  2
31 10
23  5
 9  2
22  7
33 21
38 10
29 29
10 32
16 36
27 36
18 18
 6  6
38 31
10 24
15 22
 0 23
 0 29
 9 17
49 21
18  5
46 18
30 10
37  3
16 17
24  7
49 22
12  2
32 15
45 24
37 21
29 15
20  9
14 28
43 29
 0 47
 0  2
33 42
15  3
 3 31
 8 40
37 32
 9 13
 1 27
26 35
32 14
15  8
46 12
46 44
13 23
37 15
11 26
44 22
22 32
48 21
22 17
29 16
 2 47
 6 30
41 34
24 28
22  5
26 46
42 42
 2 18
11 40
30  4
13  0
 6 21
34 16
10 34
10 36
44 11
10 12
44 36
 0 15
29 14
29 10
29 45
40 39
28 34
 6 28
42  4
22 20
12 41
47  2
21 22
15 49
18 34
25 30
49  4
19 37
49 46
 9  5
15 20
31 42
36 14
16 20
17 32
10  8
25  7
 9 30
38 13
13  5
 7 20
36 42
25 21
36 15
14 30
38 28
46 39
 7 12
24  8
 5 20
30 38
38 29
11 39
 8 43
31 17
48 30
24 13
27 41
 2 44
48 24
 8 34
21 47
42 36
17 39
30  3
34 13
10  0
35 42
33 49
19 35
41 13
11 15
23 11
 9 48
43 31
42  1
38 16
20 14
42 32
10 20
 9 47
19 10
25  6
22 21
22 11
41  4
 2 27
 1 21
16  8
14  8
17 10
11 14
18 12
45  3
33 11
49 45
30 40
46 48
27 38
19 12
10 15
14 49
31 40
42 10
29 47
39 34
26 18
10 41
43 27
21 46
10  1
20 23
 9 41
39 18
10 47
 3 48
 0 45
49 48
30 27
41 31
47 24
 7 28
33 25
10 16
32 26
12 15
17  6
47 11
26 14
42 12
 0 37
41 49
 5 29
 2 46
 7 30
 1  5
 1 45
44 33
42 30
33 31
41 29
44 30
19 23
27  0
34 40
36 13
27 43
12  9
10 26
43 35
 7 22
20 32
49 43
18 42
32 18
17  4
25  2
22 12
19  8
36 19
38  3
18 24
44 15
34 42
34  7
12  3
 2  6
11 29
 4  4
 1 28
17 26
 3 23
 1 43
18 44
40 19
 4 21
33 43
30 28
42 22
15  4
31 27
 5 31
32 27
 6 44
26 27
25 32
35  9
30 43
29 48
31 39
44 48
26 31
28 35
38  1
30  6
29  3
 5 23
13 31
 4 40
37  8
 3  0
13  2
40 31
16 29
41 15
24 49
13 36
26 11
 9  8
46 46
23  4
 9 38
 0 44
27 10
 3 19
 9 18
45 20
22 40
36 49
41 10
19  2
19 25
36 22
41 22
32 38
33  5
41 27
16  1
41 40
 8 45
34  3
 7 26
 3 35
29 18
22  9
19 40
42 35
26 39
18  8
33 20
42  3
26 32
13 46
11 18
41 25
44  9
40 40
20 20
 4 10
44 13
46 23
31 38
 3  2
13  1
42 24
44 16
13 48
41 43
 3 30
20 18
46 25
15  0
34  9
34 22
16  2
46 26
13  6
25  4
39 10
47 16
36 38
28 18
34 49
26  2
35 30
28 44
 8 32
 5 46
28 32
34 14
 4 35
 4 26
41 46
 6  0
14  5
31  2
23 22
30 35
31 31
27 29
28 40
17 33
49 34
48 34
 7 37
 4 20
 4  5
25  8
36  6
17 27
13 26
20  6
14 39
16 26
30 12
 7 41
43 22
 2 20
13  4
30 25
26 36
33  3
 7 11
 2 23
 7 33
 1  6
27 39
14 33
21 24
 8 16
45 15
13 11
10 38
14 29
48  1
39  2
31 14
 0  3
15 34
22 30
45 46
42 43
42 18
15 46
29 22
20 24
11 21
17 31
29 23
 6  3
 0 38
30 33
41  1
40 33
47 43
22 27
38  8
14  1
14  4
 1 47
48  7
13 20
48 31
 8  6
32 37
27 21
28 41
41 33
18 30
 7 34
11  3
22 43
38 12
 5 41
14 17
42  9
16 18
22 28
40 17
34 18
28 10
23 17
24 36
19 36
37 28
41 28
 7 44
32 22
 0 48
 6 19
 3 24
43 25
21 40
44 10
 4 42
24 47
 9 29
22 16
12 21
 4 34
36 25
26 22
13 33
 5 43
39 49
 1 30
25 44
37 46
36  9
25 29
47 25
41 48
20  4
 7 31
22 18
 5 44
15 19
20  5
36 35
34 20
36  2
 9 19
35  7
 3 12
26 33
16 28
40 42
41 32
37 14
17 24
33 26
35  4
39 31
34 25
20 30
39 29
40  6
18  3
12 12
 8 33
14 37
49 29
45 28
16 41
15  5
28  8
37 36
48 37
 7 17
44 34
34 34
17  3
24 19
30 44
44 40
 7 48
26  8
42  0
18 15
48 41
40 41
18 20
21  0
41  5
41 19
48 40
32 49
14 35
46  3
47  8
 2 19
39 38
29 21
24  4
39 24
43 36
41 37
11  4
16 16
34 30
38 37
 1 35
10 49
22  2
35 27
39 11
26  5
29 20
16 24
 3  8
14 15
48 17
 1 14
27 30
34  1
29 42
 4  8
39 40
42 31
12 47
25 24
21 27
 6 15
 7 21
49 49
45  4
44 12
 9 44
 0 34
28 12
10 30
 1 22
25 16
32 45
14 21
40 28
32  2
38 23
30 41
34 12
 4 19
 9 36
 2 39
16 35
23 40
15 38
23 41
33 15
27 25
38 46
20  8
 2 28
31 46
31 26
26 24
16 49
35 17
45 48
34 28
48 19
 5 36
 1  7
23 15
25  1
 8  9
 2 43
36 18
44 46
20 41
32  7
34 29
35 20
44  6
11 13
20 45
43  3
47 49
45  8
15  6
41 12
 4 44
44 38
35 48
 4  0
31  9
 3  6
37  9
 2 12
30 45
18 23
17  7
 6 29
24 10
 2 30
22 49
 0 30
35  0
11 16
17 43
38 21
 6 25
22  8
 9 14
46 40
 1 29
19  3
38 17
45 30
11 32
10 17
21  1
23 12
15 24
30 21
35 26
49 12
23 24
 8 14
12 10
41 11
 9 25
 7 13
26 30
10  6
47 29
 8  2
43  4
13 39
 9 39
 6  1
26  9
10 35
21  6
16 14
43 21
49 36
12 35
26 19
31 48
29  1
20  0
41 42
35 31
45 10
18 36
27 20
48 11
41 36
35 40
12 39
29 19
26 12
 8  7
31 30
31 43
16 33
33 13
 5 33
 8 29
 1 24
 2 11
12  0
34 37
36 28
27 11
13 25
25 40
35 39
44 41
42  8
25 36
25 41
33 23
 4  2
47 23
35 37
13 42
33 48
11  8
 3 47
37 45
14 48
11 24
44  1
 6 20
41  8
47  9
39 30
39  9
41 44
18 11
30 22
20 15
27  3
19 14
19 42
22 26
16 46
30 19
 9  9
30 15
22  6
47 13
12 26
13 21
33  8
45 16
12 19
22 41
42 20
26  0
37 42
34  0
27 24
32  5
37 18
47 36
20 44
35 41
46 30
16 30
44  7
 9 20
14 32
33 38
17 18
37 43
49 20
 2 13
31 49
31 34
40 29
 1  9
36 39
28 13
42 47
23 27
40 37
10 33
 9  1
37 11
34  5
14  2
12  1
27 37
23 21
10 10
18 14
31 12
30  5
36 17
46 29
 2 32
38 11
17 25
45 33
 0 43
31 44
 3 28
 3 44
 8 24
43 49
17 13
25 19
13 28
 6 22
49  0
33 40
18 26
28 20
49 11
31  7
24 16
28 22
 4  9
45 42
28 23
17 35
48 27
38 42
21 15
20 33
21 12
49 31
 9 24
31 11
21 34
15  2
11 35
49 10
10  7
 6 46
22 47
25 11
19 26
37  1
24 14
25 42
35  2
 7 36
48 48
42 33
 8 20
41  7
37  4
17 11
32 34
39  1
 8 23
45 23
20 48
35 16
47 45
 7  6
14 31
21 25
 4 15
35 43
44 19
 9 49
20  3
15 17
 9 42
15 31
46 38
 8  1
27 19
10 18
36 16
36  5
44  2
49 32
49  7
38 39
22 36
31 24
44 35
42 25
43 14
26 26
12 28
19  9
23 48
31 18
43 18
37 34
37 39
28 47
46 31
 1 16
 5  9
32 25
17 42
32 28
40 13
19 21
42 15
23 29
 8  3
39 43
26 13
41  6
44 39
49  5
19 48
23  1
24 15
45 37
15 21
33 12
48 49
17 16
 7 14
32 43
19 31
21 10
32 44
14 20
47 18
44 28
 0 24
29 36
 7 29
27  9
11 38
