20
 6 10
17 10
11  4
 8  4
 4  8
 0  0
11  0
 4  3
15 18
 2 12
 8 13
11  3
 3 10
 2  2
 1  1
 4 16
 4 19
16 10
 9  2
 3 16
12  3
 3 17
 2  3
 7 14
12  4
14  6
18 19
18 17
 4  0
18 10
 8  9
 6 14
 6  0
 8 12
 2 11
 1 12
 3  9
 9 10
 8  0
 9 16
12 14
 8  5
 5  4
 7 16
 5  8
13  5
 4  9
 3 11
11 15
17  1
 4 10
14 15
16 12
 3 14
10  2
10 12
17 19
 7 11
 4  5
 1  5
13 17
12 13
10  6
10 19
10 13
12  9
14 16
 5 14
17  9
13 10
 2  0
 7  9
11 13
 5 13
13  9
10  8
 8 18
14  1
18  5
14 12
 5  1
 7  6
 8  8
 9  6
13 19
13  7
 0 13
10 14
18  0
17  7
12  7
17 11
 1  4
 4  1
 3  6
 3 19
13 12
 1  7
14 11
19 11
11  6
 7 13
 4  4
17 15
 4 11
 9 14
 1  6
 4 18
 2  8
19 12
10  7
15 17
 3  4
 8 14
16  9
13 18
18  7
 6 12
18 11
10 11
14 17
12 17
13  0
10 18
11 18
16  3
11  5
 0  8
 3  8
17  8
16 18
12 19
 6  1
 1  3
 7 10
18  6
11  1
19  5
 3 15
14  4
14  2
16  5
16 11
 0  4
 4 13
19  6
17  6
 2 18
13 14
15 16
16 14
18 18
 9  5
 0  7
 1  8
14 10
 5  6
11 17
14  3
17 16
 0 10
15 19
15  3
18  8
 0  6
 7  1
 0 12
18 12
 7  2
15  2
 3  1
14  8
10  3
 3  0
 0 14
 3  7
 7 12
13 11
18 13
17 14
 4  6
16 13
 3  5
 6  8
12  6
 1 14
10  0
15 10
17  4
10  1
14 14
14  7
16  6
15  7
17  0
17  2
 2 17
 6  7
 9 13
13 13
16 15
 0  3
17 12
 6  9
15  1
 5  7
10  5
11  8
11 10
 6  5
 1  2
12  0
 0  1
14  0
12 15
16 19
12 18
14 18
 7  0
18  9
 4 12
 0 16
13  4
 5  9
11 11
 6 15
19 18
 8 10
 2  5
15  0
19  0
 6 17
19  4
 6 11
 8  1
 7 19
 2 14
 2 13
 2  4
 4 17
18 16
15 11
19  3
 4 15
 5  2
 7  5
11 14
 1 15
15  5
 0 17
