47
  0  42
 36  18
 42  11
 15  10
 16  36
 19  10
 39  38
  1  14
 14   5
  1  46
 37  38
 22  37
 18  16
 37  32
 16   0
 37  33
 14  45
 17  46
 40  36
  1  40
 18   8
 24  35
 42  20
 41  14
 46  16
 32  46
  3  22
 43  16
 32   9
 46  28
 37  39
 33  44
 40  46
  7  13
 28   7
 11   3
 12  15
  7   2
 44  38
 29  40
  3  21
 34  27
  8   6
 35  37
 29  42
 31  17
 21   1
 43  38
 37  41
 14  46
 42  30
  1  36
 31  37
 13  36
 24  45
 38  42
  0  38
 34   6
 44   1
 13  42
  1  41
 38  27
  0  17
 42  39
  8   2
  6  42
 27  23
 29  22
 23  37
 36  41
 42   1
 29   7
  5   0
 35  34
 37  43
 17   9
 45  33
 45  10
 44  11
  1  39
 44  19
 37  27
 12   3
 12  18
 18   0
 40  38
 42  36
 26  13
 15   9
 24  41
 22  35
 23  33
  6  10
 16   2
  7  37
 19   3
 34  45
 45  40
 36   3
  6  34
 11  20
 26  21
  2   2
 34  37
  3   5
 23  29
 43   1
  5   6
 35   3
 42  22
  8   1
 22  43
  4  16
 37  29
 27  21
 10  46
  0  25
  2  15
 10  37
  3  35
 32  30
 14  43
  0  21
  0  37
  0  30
  1   5
 39  41
 28  34
 44  13
 15  42
  3  41
 25  35
 15   5
 26  41
 20  40
 21  44
 24   3
 44  45
 34  29
 35  39
 17  18
  3  13
 14  18
 13   7
 26  42
  6  29
  7  33
  3  11
  4   7
 45  36
 13  44
 35  26
 32  26
  9   0
 46   0
 11  42
  3  46
 26  38
  4  42
  1  38
 19  44
 45  15
 40  16
  7  39
 34  41
 25  40
 39  37
 40   2
 37  30
 32   2
 33  38
  1   0
 18   7
 44   0
 22  36
 25  45
 18   3
 23  32
  5   2
 39  28
 38  34
 40  45
 15   8
 43  45
 17  34
 46  12
 32   1
 35   0
 44  34
 33  41
 22  33
  2  12
 35  20
  9   9
 44  37
  2  40
  7  15
 21  40
 36  44
 39   3
 41  18
 26  36
  0  12
  0  26
 44  16
 12   0
 31  28
  8   4
 22   3
 34   8
 41  15
 20  45
 28  37
 46  27
 17  42
 41  12
 28  41
 19  43
 46  30
 21  38
 19   5
  8  34
  6  11
  9  30
  0   7
 11  39
 15  44
 20  41
 31  41
  4   4
  1   1
  0  44
  2  21
 30   0
 26   6
  2  11
 28  35
 26   4
 22   1
 12   6
 43  14
 46   5
  3   8
  4  45
 18   9
  2  38
  1  10
  2  39
 44  17
 26  23
 31  13
 12   4
 22   7
 24  31
 42  16
 17  45
 16   5
  4  46
 18  41
 35  19
  6  38
 36  16
 38  43
  8  12
 16  24
 13  46
  8  17
  5  44
 14  19
 35  21
 44  23
 46  13
 18  12
 17  37
 38   3
 12  38
 22  26
  2  18
  1  11
  7  31
 35  44
 13   6
 13  34
 17  11
 45  24
 41   2
 18   5
 35  30
 44  22
  1   7
  9  10
  4   2
 44  20
 22   0
  8  43
 18  19
 29  44
 13   2
 23   2
 25  34
 11  17
 39  46
 27   4
 14  20
  5  45
 37  31
 35  38
 21   2
 40  15
 20  32
 36  46
 42  38
  7   9
 29  46
 44  10
 38  30
 29   0
 18  31
 42  18
 20   3
 33   5
 15  19
 11  46
 14   8
 32   0
 28  33
 42  42
 17  32
 30   1
 33  27
  1  43
 36   6
 35   4
 39  43
 46   1
 22  34
 26  31
 18   1
  4   9
  4  11
  6   5
  8  14
 31   9
 15  18
  6   0
 35  43
 44  18
  2  30
 46   4
 46  34
 24  34
  0  20
 20   1
  5   9
  9  44
 36  26
 31  26
 42  10
  7  46
  6   4
 21  18
  7  35
 10   7
  9   7
  3   0
 18  44
 46  44
 33   6
 41  40
 43   0
 36  32
 16  13
 16  43
 18  32
 46  25
 16   6
 41  39
 18  10
 33  42
 31  10
 44  46
  3  34
  6  39
 29   6
  1   8
 42   2
  3   7
 23   5
 43  37
  5  43
 39  40
 16  35
  3   1
  4  12
 41  32
  0  46
 14  36
  2  20
 29  38
 15   1
 34  38
 37   4
  8  46
  7  36
 10  36
 28  43
 21  20
 24  46
 41  29
 14  10
 35  42
 35  32
 19  29
 40  39
  2  10
 32  41
 26  46
 45  20
 44   9
 10  38
 18  11
 46  41
 25   5
 20   6
  7  34
 19  34
 45  37
 43  44
  9   6
  3  31
 26  15
 35   1
 23   6
 40   1
 23  41
 24  37
 24  32
 24  36
 10   8
 45  38
 21  39
  6   8
 33  45
 17  12
 44  40
 29  37
  4  35
  6  35
 31  38
 19  35
 21   0
 20   0
 36  36
 46  19
 46  40
 13  14
 24  11
 19  12
 31  22
  8  31
 10   2
  5  16
 15  12
  5  31
  9  41
  6  44
 27   3
 22   8
 26  14
 37  44
  0  19
 43  22
  7  19
 38  29
  3  43
 33  26
 12  44
  5  42
 17   1
  9  23
  6   1
  1  24
 45  17
  2   8
 22  42
 20  10
 33  18
 17  20
 24   4
 35  27
 37  46
 29  34
  0   5
 33   1
 46  43
  7  30
 28  44
  0  13
 21  41
 34   0
 26  44
 19  33
  1  25
 13  33
 22   4
 34   5
 42  14
 31   1
 28   2
 40  35
 25  23
 13  21
 31  39
 29   8
  2  31
  9  45
 14  22
  2  43
  0  28
 39   0
 34  17
 39  30
 20  44
  0  41
 39   1
  7  45
 25   1
 25   0
 18   4
  6  31
  9   1
 14  17
  2  32
 30   2
  5  37
 27  42
 46  22
 30  20
 10   4
  2  19
 41  17
 13   8
 45  16
 13   4
 11   6
  8  15
  8  22
 35  17
 42  31
 18  46
 19   8
 43  34
 26  43
  8   0
 27  32
  3   4
 40  30
 43  42
 37  18
  0  34
 32  38
 25  31
 17   2
  8  23
  2  33
 26  33
 27  33
 45  11
 33  20
  1  22
 31  44
 23  36
 46  35
 29  41
 32   3
 40   3
 19  14
 36  15
 18  36
 14   2
 46  23
 44  39
 14  33
 16   1
 43  10
 44  36
 14   1
 23  34
 23   4
 46  38
  5  33
 19  46
 25  36
  6  12
 28  46
 37  28
 14  39
  2  45
  8  42
 35  25
 46  10
 35   2
 41  36
 42  33
  3  15
 36  29
 26   1
 23  42
 38  40
 40  34
 12   9
  5  30
 28  42
 25  37
 26   3
 13  37
 32   4
 17  35
 22  40
 45  41
 43  32
  0  11
  2  42
  4   6
 21  36
 33   3
 29   9
  1  45
 11   7
 42  19
  2  22
 43   2
 15  15
 46  24
  9   4
  1  35
 14  11
 41  37
 38  36
 17  26
 37   5
 28  38
 29   1
  3  16
 28   6
 34   3
  1  33
 29   2
 27  37
  8  33
  0   0
 32  25
 29  35
 38   2
 36  38
 31  40
 46   9
 34  16
 18  13
  2  36
 26   0
 34   2
 37  17
 18  43
 20   8
 46  21
 15  34
 45  14
 44  32
 18  30
 37  45
  9  42
 27  45
 42  45
 17  36
 10   6
 38  33
 41  13
  8  19
 42  32
 11  43
 20   5
 25   6
 12  42
 33  46
 43  18
 14  34
 12  46
 46  11
 46  37
 28   1
 21  27
 10   9
 37  40
  8  44
 39   2
 19  13
 15   7
 33  25
 35   6
 26  34
 10  44
  5   7
 19  11
  7   6
 27  34
 14   9
 42  40
  5   5
  5  41
 39  44
  4  39
  2  34
 19   1
 20  17
 43  43
  5  13
  7   5
 20  28
  1  29
 42  15
 45  35
 43  33
 10  23
  7   1
  6   9
  8   5
  0  45
 28   5
 40   0
 42  21
 28  39
 41  16
 45  22
 42  44
  1   2
 27  22
  0   2
  5  17
  3  39
 42  46
 24  42
 21   4
  3   2
  2  41
 21  45
 34  31
  1  31
  4  32
  5  35
 38  28
 14  42
 30  46
 38  37
  5  38
 15  39
 38   5
 43  36
 39  36
 33  17
 38  46
  8  18
 45   9
 42  35
 31  45
 34  43
 13  11
 31   0
 39  42
 42   0
 43  41
 39  33
 30  18
 35  28
 37  19
  7  32
  5   4
  6  33
 37   6
  1  20
 19   0
 23   3
  1  13
 20  29
 33  29
 43  20
 38  41
  1   3
 10  20
  8   3
 38  44
  6  24
 14   4
 30  22
 41  19
  3  12
 30  25
 39  32
 24  43
 43  17
  4  37
 43  11
 30  39
 25   4
  1  32
 38  35
  6   6
  2  37
 10  14
 46  31
 36  35
 14  16
 34  46
  2  14
  4  17
  6  14
  9  14
 19  16
 18  33
 11  36
 16  11
 30  38
 19   2
  4  15
 29  11
 24  44
 39  31
  2  46
 29  21
 28  17
 33   4
  1  19
 12  39
 33  21
 45  30
 41  21
 44  33
 45  18
 40  40
 17   7
 30  45
 45   0
 18  34
 19  30
  6  46
 14   7
  8  45
 12   8
 34  32
 25  33
 17   3
 15   6
 35  16
 38  31
 23  40
  0  27
 41  30
 16  45
 21   5
 34  30
 18  37
 44  42
  8  32
 17  43
  0   4
 44  35
 32  22
 27  41
 12   2
  4  31
 37  35
  6  30
 42  37
 14   6
 33  40
  6  36
 46  33
 28   0
  3  32
 22   6
  0  31
 41  11
 23   1
 24  40
 15  37
  0  24
 21  42
 36  28
  6  45
 22  22
 44  12
 15  35
 29  23
 36  17
  4  40
 15  11
 30  26
 16  34
 19  40
 31  42
 17   8
  4  43
 31  36
  5  40
 29  18
 17  38
 33  22
 33  30
 39  39
 30   7
 16   9
 25  42
 20  11
 36  19
 15  23
 37  37
 21  19
 27  43
 27  44
 40  13
 24  38
 26  45
 18   6
 39  34
 15   0
  4  14
 38  32
 11  45
 32  44
 35  40
 41  28
 23  39
 31   4
 34   7
 15  36
  0  10
  3  30
 29  45
  4  30
 40  44
 37  42
 41  31
  9  18
  3  37
 23   0
 40  14
 19   9
  4  20
 45  12
 15   2
  5  14
 43  15
 33  39
 10   3
  7   8
 45  32
 10  22
  6  40
  1  17
 17  41
 40  37
 33  19
 17  13
 45   3
 34   4
  1  15
  9   8
 34  20
 41  35
 30  37
  9  24
  3  33
 15  43
 27   0
 20   4
  0  23
  6   2
 16  44
 12  36
 36   1
 43  21
 18  42
 31   3
 42  13
  4   1
 46  26
 36   5
 39   4
  8   8
 13   9
 34   1
 13   3
 12  35
 15  46
  2   6
 42  34
 38  38
 43  13
 25  41
 20   7
 21  10
 28  36
 37   1
  6  16
  7  44
 13  45
 30  21
 18  14
 10   0
  3   6
 32  45
 13  43
 21  37
 11   0
 17  16
  3  10
 46   3
 19  41
 40  12
  0  32
 17  44
  0   9
  4   0
  1  21
  0   1
 12  10
 12   5
 46  14
 32  20
 11  37
 40  29
 44  44
 24   6
 27   6
  5  36
 16   8
 41  45
 18  18
 37  26
 38   4
  4  33
 12   1
 30  36
  4  38
 36  37
 16   3
 31  43
  5  18
  4  10
 45  39
 23  31
 21   6
 27  39
 45  31
 36  42
  0  36
  1  30
  7  38
  6  32
  2  13
 36  40
 37   2
 38  39
  8  13
  1   4
  6  23
 44  15
  4  34
  5  15
  1  16
 20   9
 11  35
  1  23
  1  34
 45  44
 24   1
 37  36
 30  10
  9  21
 24   2
 11   1
 31  15
 34  40
 29  36
 25  21
 41   0
  2   7
 18   2
 35   7
 36  43
 20  31
 43  39
 19  45
 26  37
 16  16
 27  20
  9  43
 44  31
 14  14
  3  17
  6   7
 30  43
 38   1
  6  37
 45  23
 14   3
 30   3
  0  15
  0  16
 41  38
 17   6
 16  38
 34  22
 14  38
 33  31
  1  44
  2   3
  7  40
 37   3
 41  41
 10  21
 17  19
  3   9
 14  32
  2  23
  7   0
 29  43
  3  42
 31  14
  7  12
 29  20
 30  42
 30   9
 40  41
 12  45
  2   1
 26  32
 43  31
 41  43
  3  40
 17  10
 30  12
 19  42
 27  35
 43  40
  2   9
 46   2
 10  10
 31  46
  3  20
  9  22
  5  34
 15  33
 21  43
 30  41
 25  46
 45  45
 24   0
 22  45
 17  25
  9   5
 33   0
  6  13
 41  34
 42  12
  2   5
 15  45
 46  29
 26   5
 43  19
 32  39
 11  16
  4   5
  2  44
 23  38
  0   3
 13  10
  7  42
 23  43
 22   5
  7   7
 30  16
 16  37
 27  46
 45  34
 18  45
 19   7
 36   2
 24   5
 24  30
 29  39
 34  44
 32  43
 20   2
 41  44
 45   1
  3  19
 21   8
 22  23
 41  46
 11  22
  6   3
 46  46
  8  40
  7  10
  7  43
 36   4
 21   7
 30   8
 38  45
 26  22
  6  43
 36  33
 23   7
 36   0
 25  44
 35  45
 14  44
 41  33
 27  36
 33  43
 36  20
 36  31
 40  28
 22  41
 15  38
 11  34
 39  29
 44  14
 34  21
 41  42
 41  20
  1  42
  5  39
 10  12
  4  21
  7  41
 13   5
 17   0
 27  16
 45   8
 23  30
 37  34
 24  39
 34  28
 25  38
  9   2
 21   9
 30  35
  8  24
 44  41
 10  11
 35  46
  3  38
  5  32
 33  28
 46  18
 43  12
 27  38
  5   1
 27  40
 11   5
  8  41
 12  33
 13  39
  2  17
 22  39
 34  18
 32  40
 20  30
 36  27
 31   8
  7  14
 46  39
 10  42
 13  38
 42  43
  0  35
 24  33
 13   0
 27   1
 19  31
 11   2
 43  46
  0  40
 30  40
  4   8
 21  29
  5   8
 45  43
 28  45
 26  39
  6  41
 23  45
 16   4
 46   7
 22  46
 40  42
 11  44
 46  42
 44   2
 32  29
 28  22
 40  43
 29  10
 20  12
 35  29
 43  35
  3  44
 45   2
 13  35
 14  37
  7   3
 20  46
 33   2
 46   8
  8   7
  1  12
 25  43
 14  35
 30  23
 36  39
 18  35
  4  19
  5  11
 34  26
  4  18
 34  25
 37   0
 16  42
 16  46
 25  32
  3  18
  1  18
 46  36
 21  46
 46  45
  3  14
 46  15
 10  45
  4   3
 31  20
  0   8
 30  44
 27   5
 26  35
  0  39
 26   2
 12  37
 46  17
  0  33
  3  36
 16  10
 28  20
  0  18
 46  32
 42  41
  5   3
 22  24
 23  44
 12  11
 45  42
 35  33
 41   1
 34  24
 10  43
 21  21
 16   7
 32   5
 19  32
 17  33
  0   6
 31  21
 34  42
 15   3
 11   4
 33  24
 17   5
 40  32
  2  16
 22  44
 39  45
 26  40
 40  31
 44  43
 12   7
  0  14
  5  12
 32  19
 13   1
 20  39
  0  22
 32  27
  1  37
 37  16
 35   5
  7  11
 35  15
 21   3
 40  33
 25   3
 28  40
 46   6
  4  41
 23  35
 23  46
 34  19
 10   5
 31  25
 36  34
 45  13
 31   2
 25  12
 44  21
 22   2
 16  12
  7   4
 35  31
  3   3
 34  39
 31  27
 14   0
 32  28
  3  45
  0  29
 32  42
 28  23
  7  18
 17   4
 22  38
 40  17
  2   0
  0  43
  1   9
  2   4
 25  39
  2  35
  4  13
 36  45
 28  21
  4  36
 15   4
  5  10
 30  27
 39  35
  9  16
 22  25
 27   2
 35  41
 19   4
 10   1
 20  43
 12  43
  9   3
  4  44
 45  21
 38   0
 19   6
  5  46
 11  38
 32  21
  9  46
 39   5
 14  15
 45  19
 45  46
 12  34
 21  28
 25   2
 20  42
  1   6
 36  30
 46  20
  6  15
 42  17
 35  18
