61
 59  40
  6  59
 25  49
 56  13
 46  33
 10   1
  2  49
 57  42
  6  16
  0  16
  6  26
  4  46
  7  13
 32  32
 29  33
 47  32
 16   1
 24   4
 44  36
 44   6
  2   1
 39  40
 19   1
 41  49
 51  31
 31  39
 47  60
  9   4
 26   7
  0  36
 18  57
 38  22
 49  28
 11   7
  8  42
  8  16
 35  60
  0   0
 44  46
  7  24
  1  28
  4  26
 49  38
 48  33
 43   6
 27  39
  2  44
 17   2
  6  53
 39  36
 52  54
 43  44
 34  23
 45  27
  4   1
  7  48
 58   5
 42  25
 43  45
 51   5
 55  17
  0  33
 51  35
 35  37
 48  46
  2  57
 39  22
 21  60
 31  30
 57  32
 59  34
 31  43
 28  37
  4  32
  2  24
 30  60
 10   2
  2  36
 20   5
  5  21
  1  32
 48   2
 58   7
 58   0
  4  48
  1  16
 10  50
  8  52
  8   1
 37  39
 49  31
  9  23
 32  33
 55  21
 11  57
  1  40
 11  51
 21   0
 57   2
  7   8
  6  44
 53  35
 42  33
  1  10
  6  56
  1  39
  3  48
 22   2
  4  36
  3  21
 41  24
 31  25
  2  38
 36  24
 15  60
 44  21
 59  29
 56  45
 54  30
 17  60
 13   6
 29   4
 56  30
  2  50
 22   0
 23   9
 40  25
 49  35
 33  37
 17  11
 34  40
 17  55
 19   9
 34  60
 45  49
 40   2
 53  28
  4  13
 59   2
 35   4
 30   2
  9  57
  4   3
 26   0
  7  40
  5  11
 46   1
  7  59
 55  31
  0  31
  0  59
 24  43
 48   4
  0  29
 54   0
 22  54
 60  41
 51  15
 50  57
 51  23
 58  44
 24   7
 37  24
 28  30
  3  19
  4  58
 41  37
 45  55
 29  37
 47  27
  8   7
 26  35
  6  51
 46  55
 24   1
 23   0
  0  30
 32  23
  3   1
 40  43
 11  20
 28  29
 41  32
 57  33
 14  53
  4  25
  4  12
 41  25
  2  39
  8   8
  2  52
 25   4
  7  11
 59  41
 33  46
  4  35
  0   8
  4   0
 30  33
 30  31
  1   1
 25  60
 55  44
 25  41
 36   5
 10  56
 50  25
  2  23
 30  28
  7  15
 36  53
 59  36
 30  34
 34  38
 41  56
  7  58
 25  46
 57  36
 52  46
 56  31
 12  12
 36  39
 55  28
 30  35
 53  30
 24  42
  0  54
 37  56
 27  41
 55  30
 60   1
 50  36
 55  58
 44  31
 32  45
 10   5
 17   6
 39  35
 36  59
  2  59
 29  40
 55  34
  6   8
 11  14
  8  53
 49  42
 10  59
  5  60
 53  29
 30  36
  6  41
 23  10
 18   3
 12  11
 42  21
 46  46
  2  53
 55  37
 56  35
 46   0
 46  26
 47  26
  7  14
 58   9
  5   5
 43  49
  4  56
  5  55
  5  57
 33  26
 38  57
 47  43
 48  45
 21   1
 55  36
 39   0
 48  58
 35  40
 40  53
  3  29
 31  40
 51  27
 58  41
 21   6
 52  55
 53  15
 19  58
 59  28
  8   2
 54  28
 43  58
  9  12
 38  44
  9  49
 36  45
 48  34
 47  31
  2  30
  6  30
 37  25
  8  60
  9  17
 39   2
 46  23
 17  57
  4  23
  2  15
 32  42
  9  58
  7  12
  6  46
 29  42
 53  60
 43  21
 42   1
 27  38
 43  25
 42  29
 44   1
 37   0
  9  55
 41  48
  1  49
  8  56
 55   7
 52  58
 24   5
  8   5
 13   4
 11   6
  3   2
 23  55
  4   7
 31  46
 21   3
 47  40
  8  12
 48  57
 48  37
 47  42
 57  10
 38  23
 39  25
 19   4
 31  32
  2  58
 27  43
 42   4
 43  46
 50  48
 54  57
 49  43
 45  35
 29   1
 35  30
 13   9
  9  10
  1  35
 10   4
 19  55
 16   3
 13  56
  3  46
 52  23
  3  41
 15   1
 47  30
  4  44
 33  25
  3  36
 33  28
 57   1
  1  27
 60  30
 46  34
  4  17
 13   5
  2  16
 42  56
  4  40
  5   6
 58  42
 28   4
 57   0
 16   2
 22  58
 47  29
  2  41
 11  59
  4  14
 25   1
 46   2
 31  47
 45   1
 35  41
 13  10
 32  36
  2  60
 31  49
 11   5
  9  54
 29  41
 51  29
  2  56
 42  57
 45  29
 48  41
 51  59
 44  26
 32  55
 12   4
 50   4
 31  60
 52  17
 10  49
  8  24
  1  56
 48  24
 47  58
  2  55
 31  36
  3  10
 39  57
 58  39
  8   4
 50  45
 40  35
 35  49
 17   3
 33  36
  2  28
  7  43
 38  60
  4  57
 50  42
  6  45
 54  37
 27  33
 43  60
 49  34
  5  12
 56  23
 31   4
 52  53
 50  47
 37  27
 39  55
 57  34
 41  53
 50  22
 56  25
  7  44
 29  36
 27  36
  4  47
  7   2
 26  58
  1   6
  2  19
 47   1
 48  23
  0  26
 26  34
  3   8
  3  47
  2   9
 42  26
 27  58
 58  33
 35  55
 27  57
 18   1
 54  27
 13   7
 34  54
  5  51
  1  58
 51  58
 39  34
 31  24
 33  45
 47  22
  3  11
 32  28
 51  26
 36   2
 17  58
 54  44
 57  41
 38   5
 44  40
 41  58
 44  58
 48  38
 36  28
  6  12
 26  43
 56  37
 48  30
  5  15
 46  37
  6  42
 40  28
 53  46
  6  58
 36  27
 30  39
 57  35
 38  39
 10  54
  4  52
 50   0
  3  58
 52  57
  2  42
 34  43
 52  25
 43  22
 31  37
  6  52
  5   0
 28   1
 55   0
  4  16
 18   2
 15   0
 24  60
  7  53
 52  34
  6  13
 41  45
 42  53
 51  55
 60   3
 30  47
 37   4
  2  17
 49  26
 17   0
 51  18
 23   5
 54  36
 36  60
  0  22
 43  54
  3  24
 34  36
 38  53
 54  31
  1  19
  6   4
 44  29
 15   9
  6  21
 31  38
  4   6
 18  60
  1   0
 35  48
 44  32
 45  25
 12   9
 34  26
 26  30
  3  12
 38  24
 22  57
 50  34
 20  58
 37  23
 11  12
 11  18
 12  17
 36  40
 16  60
 30  43
 59   5
 13  59
  0   4
 50  21
 58  10
 32  56
  4  60
 31  48
  9  18
 60  36
 46  30
 11  60
 50  23
 59  10
 32  43
 51  22
 16  55
  1  14
 58  25
  1  13
 13   2
 27  60
 29   0
 31  28
 35  53
 46  60
 32  47
 14  60
  1   3
 55  40
 45  32
 41  33
 21  55
 29  35
  7   7
  4  38
 43  32
 17   7
  6  39
  1   7
 10  58
 43  47
 15   8
 45  39
 49  33
 53   2
 45  24
 57  27
 44  25
 42  58
 50   2
 31   0
 13  60
 42  40
 34  24
 56  34
 57  45
 52  27
 39  23
 56   6
 47  37
 55  24
 52  59
 54   2
 49  58
 47  35
 45   0
 28   5
  1  33
  6  27
 55  32
 26  33
 47  39
 56  33
 18  58
 43  36
  8  10
 57  31
 34  56
 36  41
 45   7
 32  37
 20  55
 22   5
  1  41
 18   4
  0  15
  4  45
 51  40
 22   8
 32  27
  3  60
 11   3
 47  25
 15   2
 46   6
  7   6
  6  19
 45  38
 43  34
 60  26
 47  48
  5  18
 32  35
 57  24
 49  36
 41  60
 37  57
  4  28
 44  39
 12   2
 53   1
 34   2
 20   0
 54  22
 32  25
 46  47
 28  32
  1  52
  3  28
  3  59
  3  22
  1  51
  7  54
  6  47
 55  29
 55  41
 54  35
 46  41
 33   0
  9  53
 52  51
  0  50
  1  45
 41  26
 21   5
 42  49
  0  56
  8  13
 35  47
  2  10
 23   2
 59  39
 35  54
 28  35
 39  24
 12  16
 49   4
 45   4
  3  34
 48  29
  3  53
 48  27
  0  14
 23   1
 33   2
 52  31
  9  11
 51  51
 30  32
 21  54
 55   2
  6  22
  2  25
 28  31
 14  59
 18   9
 54  17
 39  53
 40  49
 24   0
 14   7
  3  15
 48  44
 43  41
  3  17
  6  14
 27  35
 43   2
 47  47
 46  45
 54  15
  9   2
 57   4
 32  58
 54  56
 43  33
 10   3
 37  32
  3  16
 26  32
  5  17
 34  39
  7  37
 34   7
  3  52
 51  34
 47  44
 41  34
 10  53
 55  46
 51  36
 44  27
 17   4
  6  54
  5  23
  2   2
 58  28
 51  46
 43   1
  6   1
  7  19
 55  45
  3  35
 33  49
  3  49
 25  43
 26  31
 14   3
  5   4
 44  24
 33  42
 48  35
 52   4
  0  25
 40  24
 50  27
 25  42
 40  58
  3   7
  4  41
 41  43
 13  16
  5   7
 36   1
  6  57
  2  18
  5  16
 15   7
 45  30
 33   1
 41   0
  8  55
  0  32
 16  58
  6  55
 48  48
 34   1
  4  29
 55  14
  9  14
 35  31
 54   3
  3  20
 14  12
 56  36
 14  13
  0  24
  0  28
 46  40
 18  11
 15   4
 49  24
 14   1
 32  40
  3   4
  6  10
 26   1
 54  45
 49  37
  1  11
  7  31
 11   4
 15  58
 29  34
 60  25
 53  31
  6  15
 47   0
  6  36
 47  36
 16  11
 45  28
 34  35
 34  44
  4  15
 35  42
 49  55
 27  30
 28  34
  4  50
 10  51
  8  51
  0   2
 33  56
  3  42
 59  35
 46  49
 51  50
 56  38
  5   9
 44  55
 28  38
  4  33
 46   4
 39  26
 28  60
 36  25
 14   2
 19  59
 43  48
 34   6
 50  35
  6   0
 32  29
  1  17
 15   6
 55  42
 59  38
 53  21
 54  19
  7  30
 30   5
 35   1
 44   0
 39  27
  4   8
 10  20
 51  45
 41   1
 47  46
 35  59
 11  56
  3  45
 35  28
 12  57
 23   7
 21   8
  0  23
 60  37
 34  58
 47  23
 11   2
  1  44
  0  52
 49  39
 14  58
 13   0
 19   0
 42  28
 12   8
 57  43
 45  31
  7  10
  5  56
  2  20
 38   0
 39   1
 53  32
 12  55
  5   1
  6  29
 27  46
  0  49
 58  36
 12  59
 44  60
 27   2
  1  46
 45  22
 50  31
 31  26
 29  30
 28  42
 39  58
  7   1
 52  30
 43  26
 26  44
  2   0
 23  60
  1  23
  0  40
 38  59
 15  59
 57   5
 48   0
  2  48
 54  21
 53  53
  2  12
 22  56
 29   2
 57   8
 53  47
 42  37
  0  53
 55   5
  9  48
 40  56
 29  58
 55  33
 42  24
  5  19
 48  42
 41  52
  7   5
 49  25
  4  27
 45  58
 46  29
 50  26
  3  54
 40   0
 28  57
 44  35
 29  26
 49  21
 54  46
  1   8
  5  54
 16  59
  9   5
 60  45
 26   3
 11  10
 53   7
 47  33
  2  34
 51  30
 11  11
 59  42
  0   5
  1  12
  2   3
 24   3
 38  47
 47   5
  3  57
 46  32
  9  56
 19   6
 56  18
  7  16
 39  39
 33  27
 40  59
  4  20
  4  11
 10  14
 39   5
 56  40
 19   5
  2  35
 33  44
 40  48
 54  54
 53  59
 41  36
  2   7
 34  25
 59   0
 29  32
  1  37
 29  29
 48  43
  1  42
  1  24
 32   2
 43  24
 31  27
 48  22
 51  33
 14  57
  0   3
 38  40
 31  45
 55  43
 49  53
 25  58
 43  40
 40  60
  0  18
 15  57
  4   2
 12  52
 33  60
 36  23
  2  54
  5  59
 53   0
  6  11
 39  56
 16   5
  0   9
 32   4
  7  56
 51   0
 25   0
 32  34
  5  20
 56  32
 27  42
 15   3
 42  34
  3  25
 26   6
  1  29
 22   9
 46  24
 38  55
 10   8
  0  42
  1  36
 38  49
 23   8
 50  24
 42  44
 45  23
 58  38
 20   3
 42  27
 30  29
  0   1
  0  45
 16   7
 26  42
 54  32
  2  47
  5   3
 35  23
 30  41
 56  19
 48   1
 57  30
 26  60
  3  31
 30   1
 41  40
  7   9
  9   0
 12   0
  1  38
 55  38
  6  37
 39  49
 50  44
  9  13
  5   8
 43  28
 48  28
 58   1
 39  60
 33  24
 13  58
 52  60
 50  58
 41  57
 57  20
 51   1
  3  51
 14  54
  2   8
 42  60
 19   8
 31  41
  2  26
 12  13
 13   1
 50  59
 32  24
  4  55
 58  37
 52  20
 49   2
 20  59
 29  31
  8   9
 52   2
  1  47
 40  26
  9   1
  4  24
 40  23
 33   7
  2  40
  5  13
 40  40
 12  53
 10   0
  9  15
 56  39
 12  10
 41  47
  2  32
 43  43
 42  48
 54   1
 25  48
 33  39
 44  47
  9   6
 50  33
 24  10
 16   4
  6  32
 54  29
  3  44
  6  25
 34   0
  5  53
  9  16
 46  27
  3  14
 54  26
 49  46
 10  60
 22  60
  0  17
  8  54
  7  32
 59  37
 23   4
  7  49
 44  59
 49  40
  4  42
 10  57
 45   2
 50  40
 32  44
 41  46
 26  41
 33  33
  0  34
 47  59
 13   3
  0  51
  6   9
  2  11
 52  32
 35  46
 57  40
 28  28
  4  43
 14  56
 11   0
 13  57
 35  32
 43  35
  4  37
  1   4
  3  55
 50   1
 52  29
 10   9
  3   5
 47  55
  2  37
 59   3
 60  10
 23  58
 49  54
 46  57
 51  28
 54  34
  1  21
 41  42
 58  34
 29  43
 11  17
  6   5
  0  58
 27  29
  2  22
 43  27
 49   1
 40  36
 50  41
 38  32
 48  31
 46  38
  0  35
 48   5
  9  22
 43  37
 54   6
  8  59
  6  60
  1  60
 37  55
 41  59
 14   6
  2  14
 49  29
 47  41
 18   0
  1  59
 33  34
 39  59
 31  58
  4   9
  1  48
  7   0
 42  46
 56  29
 46  44
 56  24
 58  24
 55   3
 52   1
 60  28
  2  45
 42  47
 53  54
  0   7
 60  31
 32  26
  2  21
  9   3
  3  38
 33  35
  9  60
 53  20
 35  29
 13   8
  2  29
 32  39
 53  33
 11   8
  0  48
 58  43
  6  38
 49  44
 37   2
 38   4
  8  15
 50  32
 55  23
  0  21
  1  30
 35   0
 28  36
 56   0
 25  40
 44  44
  7  52
 36  58
 42  59
 28  33
 57  26
  2  33
  6  33
 51  25
  7  51
 20   6
  4  59
 53  27
 56   1
 60  32
 25  47
 32  48
 30  42
 52  26
 54  53
 34  41
 57  11
 45  47
  8  57
 33   6
 20  57
 49  47
 51  60
 41   4
 60  29
 45  46
 50  54
  0  55
 45  45
 37   1
 10  55
 38  56
  2  51
 40  57
 33  41
 53  45
 60   2
  6  17
 40  27
 26  38
 29  46
 56  44
 59   7
 51  57
  0  20
 12   3
 30  56
 35  25
 51  53
  3  13
 24  58
 27  31
  6   7
  9  21
  6  48
 33  23
  1  18
 21   4
 60   0
 53  24
 59  25
 14  15
  1  26
  3  37
 27  37
  6   3
  8  49
 39   4
 49  59
 40   4
  3  27
 11   9
  8  14
 45  40
  6   2
 55  27
 30  58
  1   2
 30  26
 56  42
 40  44
  2  13
 38  29
  0  44
  3  40
 38  35
  3   0
  7   3
  4  34
 25  37
  4   5
  1  55
 15  54
  0  39
  6  18
 53  34
 42  54
 27  28
 11  19
  0  38
 45  59
  8  18
 43  29
 42  22
 45  33
 59  24
  4  18
 44  33
  3  50
 50  38
 35   6
 48  26
 38   2
  1  53
  0  46
 56  41
 41   2
 26  37
  2  43
 12   6
  4  21
 29  28
 12  60
 36  38
 41  35
 50  28
  2  31
 42  43
  3  56
 45   6
 57  44
 35  58
  9  47
 38  34
 53  19
 53  17
 13  15
 16   9
  8  43
 55  57
 45  44
  1  25
  8  46
  7  25
 58   8
 42   0
 43  31
 20   1
 50  60
 49  48
 58  35
 48  55
 32   0
 46  48
 41  28
  5  14
 29  60
 31   2
 35  24
  1   5
  3  39
 33  43
 49  30
  6  43
 27   1
  0  41
 34  42
  1  34
 23   3
 43  59
  3  43
 17   1
  5  58
  8   3
 35   2
 28   0
  0  43
 25   3
  0  13
 49  60
 54  55
  7  57
 10  13
 51  44
 39  42
 47  28
 35  39
 56  22
 36   4
 16   8
 55  39
 32  41
 44  54
 46  31
 57  39
 54  20
 44  41
 51   2
  3  30
  6  28
 31  31
  7  21
 36  26
 31  42
 56   5
 36  29
 40  33
  6  20
 51  37
  5  22
 57  37
  1  31
 50  37
 35  56
 11  13
 45  41
 33  40
  4  39
  6   6
 32  38
  9   9
  1  50
 26   2
 47  34
  4  10
 50  43
 38  58
 29  27
  3   6
 49  57
 46  25
 43  30
 59  30
  5  50
 52   0
 30  30
 32  30
 58  26
 17   5
 54  33
 30  40
  6  40
 26  36
  4  49
 51   4
 19  57
 35  38
 19   3
 48  47
  4  54
 36  48
 41  44
  0  27
  1  20
  3   3
 50  29
 18  10
  4  19
 41  29
 59  27
 55  35
 28  46
 12  58
 14   8
 42  32
 37  53
 37  26
  0  57
 44  57
 18  55
  0  19
 49  41
 15   5
 49  22
 42  31
 59   6
 22   1
 16  54
  2   4
 22  55
 13  53
 55  22
 27   6
 53  25
  5   2
 50  39
 27  32
  4  31
 42  30
 60  38
 12   1
 41  31
  2  46
 48  32
 40  55
 56   2
 55  59
  7  60
 38  26
 22   4
  4  30
  9  20
 11  55
 50  46
 20  60
 52  47
 31  55
  7  20
  0  12
 27   5
 10   6
 57  38
 37  58
 46  35
 37  59
 38  25
 48  40
  3   9
 59   1
  4   4
 51  32
 47  57
  7  17
 14   0
 46  58
 52  33
 47  49
 36   0
 58  40
 53  26
 16   0
 56  43
 44  28
 40  34
 19  60
 37  40
  9   7
 20   4
  9   8
 44  30
 44  49
 27   0
 44  45
 28  41
 45  26
 16   6
 32  46
  1  57
 31  34
 55   6
 16  57
 45  48
 51  24
 60  27
 10  12
  5  10
  4  53
 36  49
 10  11
 30  55
 22   3
 45  42
 20   2
  1   9
 48  36
 48  60
 15  11
 10   7
  3  33
 51  47
 12   7
 48  59
 17  59
 52  52
 49  27
 32   1
 47   2
 48  39
 10  48
  8   0
 30  27
  5  52
 30   4
  8  17
 49  45
 32  31
 37  47
  8  58
 60  24
 11   1
 31  44
  2   6
 45  34
 30  44
 44   2
 42  35
 15  12
  7   4
 10  10
  1  15
 34  37
 25   2
 12   5
 31  33
 43  57
 52  15
 12  56
 51  48
  0  60
 42   2
 55   1
 45  57
  8  23
  4  51
 37  60
 58  32
  9  59
 47  38
 47  45
 30  48
 44  34
 50  30
 38   1
  3  18
 40   1
 59  26
 20   8
 46  28
 48  25
 47   4
 14   5
 11  58
 31  35
  1  43
 37  49
  0   6
 14   9
 46  59
 19   2
 25  45
 58  27
 45  60
 32  60
 12  51
 41  30
 42  36
  0  37
 32  57
  1  54
 25   7
 18  59
  0  11
  2   5
 44  48
 49   0
 34  59
  7  18
 42  52
  2  27
  3  23
 41  27
  1  22
 40  42
 10  15
 18   6
 21   2
 52  28
 28  43
  7  55
  4  22
 43   0
 57  25
 58   2
 52  24
 28   2
 31  29
 49  23
  3  26
 28  58
 14  14
 33  38
  0  10
 47  24
 42  45
 14   4
 18   5
 31   1
 49  32
  8  11
 30   0
 32  49
 27  34
 24   2
  0  47
  8   6
  3  32
