60
 43   0
 54  37
  0  46
 40  49
 41  35
 38   6
 57  27
 58  40
 46  42
 23  59
 22  49
  5  55
 44  43
  1  11
 50  35
 41  26
 37  33
 18  59
 46  10
 16   1
  1  40
 28  16
 47  14
 43  44
 49  55
 31  51
 59  50
 35  24
 40  15
 16  35
 49  14
 30  16
 55  26
 37  58
 50   5
 40  57
 17   0
 42  32
 51  54
 40  14
 25   7
 28  54
 59  18
 29   6
  1   3
 31   4
 15  51
 57  29
  6  13
 53  26
 34   8
  3  54
 54   6
 38  34
 51  59
  0   4
 29  48
  5  58
 19   0
 55  27
 47   0
 32  17
 38   2
 31  11
 46  57
 56  58
 54   4
 15  50
 39  20
  4  59
 42  19
 33  25
 30  35
 10   0
 14   9
 52  56
 46  19
 51   0
 39  45
 58  43
 36  34
 14   5
 13  51
 20  25
 31  58
  7  59
 13   2
  6  57
 27  19
  1  45
 31  17
 52  31
 41  49
 23   4
 35  48
 31  30
 53  31
 54  47
  5   4
  8   4
 57  51
 44  12
  5   7
 36   2
 40  55
 41  11
 24   4
  7   5
 53  59
 41  52
  9   3
 13   6
 42  56
 45  59
 27  25
 57  52
 39  59
 54   7
  6  12
  3  55
 22  24
 20  49
 41  18
 40  30
 36  10
 48  10
 16   0
 57   4
 41  59
  0  34
 59  40
  5  14
  1  43
 52   5
 40  12
 51   4
 39  56
 31  22
 59  57
 40   8
 38  19
 28   8
 28  44
 50  22
  1  58
 41  21
 39   6
 52   3
 15   3
 38  57
 43  55
 31  36
 12   3
 30  24
 10   5
 30   1
 21  18
 37  25
 57  47
 38   8
 12  48
  6  46
 18   7
 38  51
 14  31
 56  50
 36  21
 23  57
 44  28
 55  53
 18  32
 14   4
  0  15
 56  10
  6  51
 52  55
  6  10
 43  10
 43  56
 36  57
 55  34
 52  37
 55  32
 11  54
 38  37
 48  57
 31  21
 29  26
  2  13
 39  37
  6  45
 26  19
 29  37
 34   3
 54  35
 53  54
 41  50
 53  24
 30  17
 47  40
 36  17
 13  48
 47  13
 58  26
 26  18
 56   7
  1   4
 10  54
 38  21
 39  35
 14  34
 43   9
 26  53
 54   9
 31  48
 35  13
 18  52
 57  20
  7  53
 31  38
 20  15
 20   0
 35  54
 50  59
 56  53
 44   1
 55   8
 19  28
 12  54
 31  16
 27   4
 37  18
 19  23
 54  59
 45  28
 34  29
 45  43
 20   2
 21  26
 57   7
 27  14
 17  54
  9  47
 34   2
 19  52
 59  44
  7  10
 19  34
  3   4
 41  57
 34  50
 56   9
 27  10
  4   7
 20  56
 59  53
 58  11
  8  11
 46   8
  3  14
 36  13
 51  55
 56  21
 46  11
 56   1
 46  52
  6   0
 37  37
  1  12
  1  13
 31   2
 37  27
 43  58
  2  15
 25   3
  5   8
 37   3
 17   9
 56  30
  2   3
 43  24
  4   2
 16  33
 58  19
 53  10
 24  10
 35  57
 47   7
 41  53
 21  15
 16  17
  0  21
 41  46
 40  58
 27   2
 46  12
 36  59
 34  22
  5   1
  8  55
 45   4
 59  35
 36  33
 32   3
 57  48
 31  35
 48  38
 22  10
 23  51
 34  36
 32  51
 30  15
 29  20
 31  54
  3  59
 59  56
 27  24
 40  47
 42  26
 50  23
  6  50
  3  50
 24  50
 48   8
 47   9
 45  26
 22   6
 29  11
 33   8
 33   6
 28  25
 40  21
 40  45
 36  46
 38  47
  4  57
 46  17
 45  58
 15  30
 57  42
 17  17
 39  21
  8   3
  6  49
 49   5
 20  19
 27  36
 37   9
 43   7
 50  33
 39   4
 44   0
 54  26
 43  29
  2  41
 21  14
 22  50
 34   7
 29   8
  4  47
 38  56
 29   4
 33  48
 49  22
 58  36
 50  34
  2  43
 20  23
 48  15
  2  17
 56  20
 35  59
 33   5
 35  11
 39  57
 18   4
 28  48
 15  52
  4  50
 22   8
  0  11
 47  20
  0  37
 54  39
 19  32
  2  11
  8  47
 27  55
  8  52
 51  33
  5  44
 35   3
 53   7
  7  58
 40  46
  3  46
 32  16
 11  11
 41  33
  7   4
  9  59
 38  48
 20  54
 51  25
 57  35
 15   8
 20  22
 57   5
 12  53
 46  53
 44  23
 48   7
  6   4
 35  18
 44  58
 24  52
 58  37
 46   6
 19  53
 54  53
 17   7
 31  49
 54  21
 53  50
 39  18
 28  24
 27  58
 55   4
 58  30
 44   6
 18  17
 36  19
 15   4
 43  50
 26   3
 56  55
 39  22
 19  29
 44  41
 26   4
 55  52
 42  53
 40  19
 59  15
  5  11
 54  33
 27   5
  3  45
  6  58
 15   2
 49  39
 58  54
 46   9
 57   3
  3  53
 43  43
 22  48
  8  57
 24   0
 41  47
 42  23
 30   6
 22   9
 17  16
 48  58
 28  56
 34  58
 20  24
 55  30
 50  58
 40  50
 38   0
 53  56
 43  23
 44  40
 52  58
 47  37
 48  55
 59  30
 50  38
 11  10
 16  49
 37  32
 27   9
  4   4
  7   1
 45  15
 13  50
 36   8
 42  54
 49  58
 54  30
 38  24
 24  11
 38  22
 47  57
 18  49
 45  23
 33  20
 16  18
 24  56
 28   5
 48  39
 52  22
  1  17
 19  54
 36  16
 40  26
 42  30
 28   3
 34  52
 50  52
 33  35
 16  57
 18  25
 20  47
 26  55
 48  14
 33  14
 12  47
 51  28
  6  59
 57  32
 19  22
 31  15
 50  55
 52   0
  8  53
 10  58
 40  22
 17  50
 32  32
 37  15
 37  50
 30   4
 35   6
 57  10
 55  48
  0   9
 23  14
  1   5
 38  55
 46   7
 38  33
 47  54
 18   5
  4  43
  0  48
 57  11
 57  54
  1  49
 53   0
 41  20
 51  52
 45  30
 50  28
  6  14
 48  22
 17  26
  4  54
 57  57
 15  18
 30  47
 41   1
 15  35
 51   8
 35  52
 45  13
 29  50
 56   8
 41  31
 42  42
 40   9
 13  55
 44  44
 16  50
 50   1
  0  27
 26  34
 49  19
 35  25
 27  11
  0  45
  9   8
 43  48
 55  28
 51   2
 32  21
 10  48
 49  23
 30  49
 46   2
 11   8
 31  20
 16   3
 58  56
 34  33
 39  10
 10  50
 19   6
 45   0
 19  18
 44  22
  1  52
 20   4
 17   5
 33  55
 45  24
  1  51
 48  54
  6  48
 36  51
 30  26
 57   1
 45  54
  4   1
 42  33
 41  55
 28   0
 16  51
 37  17
 26   6
  4  53
 59  55
 41  10
 24  57
 45  19
 27  52
 58  14
 51  37
 49  15
 47  16
 59  10
 12   7
 47  55
 41  51
 38  25
 56  31
 31  24
 21  49
 35  23
 39  48
 19   2
 14   1
  9   1
 35  46
 47  38
 20   9
 41  22
 43  28
 32   0
 43   3
  3  52
 29  15
 56  23
 11  55
 59   2
  2  10
 57  46
 53   3
  3   3
 24   6
 26  57
 29  58
 56   3
 50  41
 34  16
 34  37
 44  25
  1   8
 58   4
 57  31
 49   4
  2   7
 50  39
 40   5
 13  32
 18   0
 29  57
 11  47
 19  51
 11   6
 44  21
 58  34
 12  58
 38  11
  6   2
 29  49
 18  26
 28  11
 51  21
  9   7
 28  30
 55  35
 56  48
 30  46
 40  33
 44  16
 26  33
 57  22
 44  54
 32  24
 32   4
  0  24
 57  58
 13   4
 48  42
 56   2
 30  48
 59  13
 48  17
 58  33
 44   2
  3  11
 43  54
 31  50
 29   3
 24  24
 54  22
 27   3
 44   9
 31  14
 11  51
 50  56
 42   8
 28  31
 38  27
 14  53
 14  18
 19  24
 39  33
 28  21
 41  15
 59   1
 44  56
 14   2
 46  55
 40  11
 36  24
 39  55
  2  59
 31  25
 42  57
 27  30
 38  50
 56  54
  4   3
 29  31
 23  54
 33  26
 17  33
 14  30
 34   6
 15   7
 27  23
 45  56
 44   5
 50   0
 59   0
 17   8
 20  51
 38  35
 35  33
 49  41
  5  12
 57  44
 29  10
  7  45
 19  30
 23  10
  3   5
  0  57
 29  23
 33  36
 18  16
 31  10
 25  57
 20  58
 35  20
 26  52
  9  48
 35  51
 41  13
 46  27
 25  55
 19  17
 56  37
 33  34
 40  35
 49   8
 30  32
 50  15
 42  52
 53  36
 57  12
 32  36
 59  14
 37   2
 38  10
 28  51
 20  14
 29  22
 45  27
  0   5
 37   1
 57  36
 35  27
 47   1
 50   4
 17  28
 45  29
 28   7
 59  43
 29  16
 29   7
 39  44
 37  47
  5   5
 46  14
  7  56
 20  30
 20   5
 28  35
 43  52
 54  29
 17   6
  0  42
 13   0
 46  13
 10  49
 49  24
 59  58
 19   9
 53  53
 54  32
 47  59
 50   2
 10  47
 33  51
 18   8
 26  24
 39  25
 48  37
 32  38
 59  32
 55  56
 29   2
 41   0
 41   4
 49   0
  1  44
 46  56
 58   3
 27   7
 26   0
 36   5
 34  54
  0  50
 11   5
 31  18
 17  30
 46  23
 51  40
 44  59
 12   9
  0  13
 50  14
 17  31
 27  46
 29   1
 30  30
 57  45
  9  53
 22   5
 59   8
 31   3
 53  35
  9   4
 46  18
 39  54
 29  55
 59  34
  3  49
 20   1
 35  12
 18  19
 25   6
  4  15
 51  26
  6  55
 49   1
 15  59
 48  56
 45  41
 48  20
 32  47
 59  48
  1   1
  9   2
 33  56
 14   0
 14  50
 55   7
  2   8
 56  56
 12  51
 21  10
 51  53
  3  42
 39  30
 37  12
 19   5
 40  34
 45  52
 21   0
 39   0
 41  25
 27  51
 58  20
  2  56
 14  51
 28  26
 58  31
 57  53
  7   8
 12   5
 57  55
 38  12
 17   2
 52  34
 35  15
 28  52
  9   6
 52   2
  8   7
 26   8
 40   2
 30  52
  3   2
 36  11
  2  14
 10  52
 17   1
  1   9
 46   1
 50  53
 42   2
 32  22
 39  26
 18  56
 42  16
 49   6
 28   1
 43  20
 45   8
 26  31
 52   7
 56  44
 28  37
 48  36
 19  25
 31   5
 46  40
 54   1
 41  24
 10   8
 38  30
 29  21
 32  58
 14  55
 38  17
 37  11
 41   8
 51   7
 20  21
  5  54
 38  46
 53  21
 31  13
 53  55
 32  20
 26  30
 43  11
 15  48
 32  46
 39  50
 19  15
 35   9
 22   0
 54  51
 43  25
 44  15
 49  13
 25  32
 42   5
 12  50
  7  55
 41   5
 44  17
 44   8
  2  48
 42  14
 32  54
 41  56
  7   2
 17   4
 32  19
 55  49
 21   7
 38  31
 15  54
 55  38
 43  19
 16  32
 26   5
 19  16
 43  14
 40  13
 51   3
 42  25
 57  30
 58  59
 33  58
 37   8
 13   9
 33   9
 33  57
 17  49
 37  57
 32  56
 30  19
 12  57
 23   9
  5   3
 39   8
 34  53
 17  35
 31  53
 52  25
 42   4
 55  25
 23  52
 38  58
 56  28
 25  53
 53  27
 51  27
 14  32
 39  47
 25  58
 13  56
 22  55
 16  31
 17  48
  1  53
 54  55
 49  53
 58  53
 27  29
 26   9
 39  49
 32  10
 54   3
 47  12
  2   6
 32  12
  0   3
 25   0
  1  59
 17  32
 38  23
 28   6
 33   4
 40  10
 31  55
 35  26
  9  12
 51  13
 29  32
 29  18
 39   2
 50   3
 27  21
 28  18
 37  24
 35  37
  3   0
 42   6
 33  22
 33  24
  8  12
 24  53
 22  52
  5  43
  1  41
  7  48
 25  59
 34  46
 55  33
 10  55
  4  14
 14  19
 28  34
 30  58
 42  55
 19  57
  7  51
 13   7
 14  54
 56  47
 14  57
 30  31
 26  51
 48  35
 29  53
 50   8
 12   4
 48   2
 20  27
 11  56
 46  41
 16   6
 50  36
 37   6
  9  52
 15   6
  4  44
 34  17
 36  56
  0  40
 28  19
 21   5
 54   5
 50  16
 23  56
 30   0
 35  55
 54   8
  6   6
 45  22
 55   5
  3  58
 14   8
 55  23
 48   1
 48   4
 58  49
 35  34
 52  33
 41   9
 38  20
 40  29
  8   5
 50  37
  0  16
  6   9
  1  54
 26  12
  0  17
 39  28
 27  17
 51  24
 10   1
 18  28
 17  57
 35  47
 59  11
 23  53
 44   3
  1  15
  1  18
  0  53
 37  28
 52  50
 34  27
 41  43
  4  46
 22   1
 55  46
 22  23
 46  51
 25   9
 45  17
 39   9
 15  56
 18  55
  1   0
 44  29
 32  31
 26  58
 51  10
 31   9
 46  38
 44  11
 21  51
 39  23
  4  55
 41  54
 29   0
 44  51
 30  22
 52  11
 21   3
 33  59
 25   4
 45  14
 21  58
 26  50
 26  56
 32  34
 33  19
 13   5
 35  49
 47   5
 32  59
 37  26
 59  51
 49  10
 15  55
 39  24
 48   3
 58  48
 30  50
 56  33
 58  32
 16  59
 45   5
 21  50
 14  52
 57  26
 59   5
 39  31
 30  21
 33  47
 25  48
 34  12
 33  23
 24  54
 54  38
 41  17
 16  56
  1  48
 59  38
  2  16
 18  51
 38  32
  3  43
 18  57
 57   2
 38  13
 50  12
 22  57
 30  13
 26  46
 48   0
 36  22
  3  47
  7   9
 36  53
 35  22
  0  26
 31  45
 10  53
 28  57
 52  28
 39  16
 55  50
 55  58
 56   4
 29  17
 40   7
 45  55
 17  52
 22  59
 56  59
  3  16
 35  58
 31  34
 33   0
 44  50
 23  48
 42  21
 16  52
 16  29
 33  17
 30   2
 28  55
 42  31
  0  23
 52  39
 18  31
 49  42
 38  18
 39  52
 58  47
 17  15
 40   6
 48   5
  7  11
 53  28
 55  37
  9   9
 42  10
 21  24
 11  48
 34  47
 35   8
  8  49
  2  42
 31  31
 59   9
  6   1
 53  49
 37  35
 15  29
 59  52
 42   7
 37  46
 53  22
 24   8
 37  59
 13  52
 59  41
  0  14
 27   6
 39  14
 38  59
 42  43
 20   6
  2  55
 54  48
 42  58
 42  13
 35   5
 29  34
 26  54
 56  25
 29  30
 15   1
 30  10
 34  23
 25   1
 32   5
 52   1
 29  35
 11  50
 57   9
  9  58
 35   0
 54  25
  2   5
 30  11
  9  49
 52  54
 12  55
  5   2
 39  11
 28  17
 36  15
 29  33
 13   3
 56  29
 41  23
 34  15
 10  59
 33  16
  7   3
 25  54
 20  10
 30  54
 46   0
 33  33
 59  36
 35  28
 39  34
 54  57
 47  58
 10   6
 17  29
 54  56
 22  56
 37  53
 10   9
 21  57
 38  53
 15  34
  0  49
 50  11
 19  14
 32   9
 35  21
 21  16
 27  31
 42  48
  2  44
 21  23
  0  54
 36  47
 41  32
 34  55
 26  49
 10  12
 36   7
 58  41
  6  54
 55  24
  3   6
 22  15
 56  32
 37  51
 36  20
  2  58
 58   9
 48  13
 18   6
 36  37
  5  45
 18  54
 39  36
 47  53
  1  46
 11   1
 12  32
 52  57
 21  54
 49   7
  8  13
 40  59
 58   7
 41   7
 50   9
  6  52
 58  45
 54  50
 36  50
  2  57
 14  49
 34   4
  1   6
 42  59
 40   0
 37  34
 15  17
 16   4
 48  11
 33  15
 56  51
 52  53
 57  28
  1  10
 58  52
 46  39
 42  20
 26  48
  1  31
  3   8
 46  16
 51  38
 59   6
  0  47
  2  54
 58  21
 10   3
 16  27
 20  17
 27  49
 59  27
 35  36
 53  37
 59  46
  7  13
 37  10
 34  24
 37  49
 26  59
 33  29
  4  49
 28  50
 53  32
  2  46
 19  56
 53  52
 30  25
 41  36
 40  23
 18  53
 49  17
 23  55
 13  57
  2   2
  8  59
 58  58
 48  41
  4  10
  6   8
 30  36
 38  54
  6  11
 54  36
 45  53
 34  19
  0  36
  0   2
 45   2
 43  41
 27  54
  8   0
 42  11
 24  59
 40  27
 57  37
 32  30
  7   7
 33  12
 41  44
 29  36
 29  56
 43  12
 49  59
 19  33
 51  57
  7  12
 35  19
 24  46
 21  17
 58  57
 15  57
 45  10
 38   4
 15  19
 40   3
 11  49
 47  39
 43   1
 27  59
 59  29
  5  52
  1  14
 56   0
 29  47
 42  28
 11   3
 46  26
 43  57
 32  15
 50   7
 27  32
 58   6
 22  14
 54  58
 49  36
 32   7
 46  59
 53  33
 18  27
 31  46
 31  33
 49  56
 22   7
 20  26
 52  24
 31   1
 43  15
 34  28
 59  26
 19  55
 53  40
 39  46
 46   4
 31  57
 55  54
 47  42
 25   8
 38  52
  0  10
 45  40
 24   9
 49  57
 58   8
 20  18
  1  42
 46  24
  3  15
 43  22
 43  32
 28   2
 11   7
 19  19
 42  22
  0  12
 14  56
 38   3
  5  53
 16  53
 47  17
  2   0
 47   2
 11   4
 42   9
 35   2
 23  25
  5  10
 40  18
 33  21
 13  58
 56  22
  5   9
 28  53
 23   5
 26   1
 52  36
 30  57
 43   5
 57  59
 10  51
 34  31
 51   1
  6  47
  2  12
  0  18
 58  29
 13   1
 43  59
 17   3
 46  15
  4  48
 52  10
 16  58
  3   9
 21   8
 33   7
 41   2
 22  54
 42  18
 39  12
 54  49
 53  23
 55  31
 43   6
 58   2
 36   0
 27  53
 44   4
  0  22
 53  57
 56  45
 52  21
 31  52
 34  59
  4   5
 40  56
 45   1
 43  53
 32  11
 55  21
 27  56
 36   1
 50  13
 29  54
 21  52
 27   1
 27  57
 40  28
 47   8
 38  36
 32  57
 18  50
 52  40
 20  55
 52  51
 39  27
 29  14
 28  29
 51  34
 58   0
 58   5
  2  53
 40   1
 18  30
 36   6
 52   6
 30  55
  3   7
 11   9
 52  32
 20  52
 28  36
 23   0
 26  20
 36   9
  2   1
  0  25
 57  21
 15  58
 26  10
 21  56
 42   1
 20  50
 32  45
 33  32
 25  50
  3  12
 51  56
  2  47
 18  58
 30  23
  4  56
  0  20
 33  11
  5  48
 59  33
 55  47
 35  17
  3  48
  9  50
 49  40
  5  47
 59  42
  8   9
 51  11
 43  16
 39  32
 50  27
 39  58
 18  24
 17  27
  4   6
 45   6
 20   7
 45  50
 44  52
 39   1
 30  45
 42  29
 42  12
 53   1
 11  58
  5   6
 15  53
 21  53
 37  30
 32  18
 42  47
  0  52
 21   1
 45  39
 54  31
 59  31
 24   5
 57  38
 43   2
 55  36
  6  56
 48  18
 13  34
 51  41
 38  45
 43  51
 52   8
 11  53
 53  39
  4  51
 59  59
 40  25
  8  51
 49  25
  9   5
 44  14
 40  24
 42  49
 59  12
 38  14
 21  20
 58  28
 37  56
 34  51
 19   7
 46   5
 17  53
 54  54
  5  50
 17  34
 20  20
 44   7
 48   9
 54  27
 34   0
 12   8
 57   6
 56  52
 38  16
 49  37
 45  11
 36  18
 18   9
 21  55
 31   6
 19  48
 55  57
 37   7
 29  59
 35   7
 23   7
 17  59
  5  56
  4  12
 36  48
 19  27
 34  11
  0  41
 21   4
 30  14
 53   5
 40  31
 30  51
 43  13
 24  58
 11   2
  6  53
 57  25
 32  23
 58  51
 34  21
 41  14
 25  10
 15  32
 16   2
 58  27
 53  51
 30  33
 40  48
 41  19
 12  52
 45  16
 17  58
 34  30
 49  54
 46  43
 36  49
 43  42
 39   5
 44  57
  0   1
  2   9
 40  20
 49  35
 51  58
 50  40
 15  33
 40  52
 20  57
 14  59
 49   9
 21  48
 45  25
 28  32
  8   1
  4  11
 44  30
 45   3
 50  57
 47  43
 58  42
  3  10
 25  52
 56  36
 41   6
  1  47
 29  13
 32   2
 50  26
 58  12
 54   0
 26  29
 48  40
 24  48
 23   8
 32  14
 32  53
 59  39
 17  56
 40  54
 39  51
 53  58
 18  34
 11  59
 18   3
 41  58
 51   6
 34   5
 45   9
 31   0
 51   5
  6   7
 14  33
 30  34
 33  50
 12   2
 43  27
 15   0
 40  17
  1   2
 52  52
 55   6
 51  35
 44  53
 18  15
  3  56
 32  49
  2  52
 59   4
 48   6
 47  56
 34  25
  7  46
 27  16
 50   6
 28  10
 54   2
 27  48
 49   3
 31  59
 24   3
 45  51
 47  10
 36  23
 16  34
 32  52
 14  58
 33  52
 37  55
 33  49
 22  53
 55  39
 42   3
 53  38
 25   2
 30  37
 32   1
 58  25
 23   6
 43   4
 38   9
 20  48
  0   6
  3  13
 52  26
 36   4
 35  50
  5  57
 39  53
 37  54
 16   5
  5  35
 36  55
 21  21
 40  53
 44  31
 52  59
  3  57
 35  35
 14  48
 53  34
  6   5
 10  57
 43   8
 49   2
 18   1
 31  37
 34  56
 18  35
 48  12
 36  54
 53   6
 57  49
 35  16
 30   3
  4  13
 49  11
 15  31
  0  55
 34  48
 59   7
 43  31
 36  58
 37  19
 32  33
 43  49
 49  16
  0   0
 16  28
 24  51
 18  48
  0  58
 45  12
  5  51
  5  13
 58  10
 57  34
 17  51
 23  50
  1  57
 21   9
 55  59
 34  26
  4   8
 28  59
 15  49
  0  43
 28  49
 55   2
  0  59
 27  33
 56  34
 26  32
  7  49
 42   0
 52   4
 33  53
 16  55
 28  20
 56   6
  7   0
 11  57
 13  53
 49  18
 17  55
 33  18
 45  57
 52  30
 42  51
  2  49
 53  29
 38  49
 44  55
  9  10
 29  24
 57   8
 27  18
 41   3
 23  49
 38  28
 30  20
 53   9
 34  34
 20  16
 43  18
 44  42
 29   5
  9  56
 33   3
  5  46
 36  25
 25  24
 41  27
 30   8
 23   3
 19  49
 49  38
 34  32
  3  44
 24   7
 53  48
  5  59
 20   8
  0   8
  0  56
 43  26
 26  11
 51   9
  8  10
 14   6
 55  22
  7  57
 34  10
 14   7
  6   3
 34  18
 23  23
 31  47
 54  24
  9   0
 56  27
 40  51
 42  50
 11   0
 52  23
 53  25
 29   9
 33   2
 44  49
  8   2
 36  12
 10   2
 50  21
 12   1
  8  58
  4   0
 29  51
 41  34
 19  26
  4  52
 39  17
 35  10
 56  57
  8  56
  8  48
 10   7
 12  49
 28  33
 34   1
 46  25
 13  59
 32  55
 31  19
 37  13
  8   8
 22   4
 38  26
 58  35
 27  13
 56  38
 16   7
 29  25
 56   5
 44  10
 28   9
 51  31
 58  50
  8   6
 51  32
 41  48
 59  28
 38   1
 43  30
 51  22
 30  18
  1  39
 16  54
 56  49
 19  31
 37  29
 45  42
 37   4
 25  49
 47   3
  2  50
 44  13
 50  54
 37  45
 38   7
 30  59
 21  19
 57  56
 48  23
 19  58
 52   9
 21  59
 43  21
  5   0
 16  48
  7  47
  9  54
 24   2
 37   5
 37   0
 58  55
 42  15
 31   7
 54  34
 29  52
 13  49
 47  15
 32  50
 35   1
 19   1
 22  31
 58  44
 45  18
 39  13
 12   0
 52  27
 46  22
 38   5
 23   2
  4  45
 20  53
 39   7
 47  11
 18   2
 53  30
 30   9
  8  46
 57  33
 52  35
 42  24
 18  33
 22   3
 23  58
 16   8
 26   2
 39  29
 58  13
 28  58
  0  39
 32   8
 24  55
  3   1
 37  16
 33   1
 25  46
 30  53
 53   8
 47   4
 41  28
  9  11
 47  18
 58  46
 34   9
 46  20
  1  16
 15   5
 23  24
 31  32
 51  39
 52  38
 22  51
 42  44
 12  56
  3  51
 55   1
 23  46
 57   0
 28   4
 50  25
 37  52
 51  36
 16  16
 32   6
  9  55
 27   0
 31  56
 25  25
  1  55
 49  21
 55   0
 48  19
  9  57
 36   3
 37  48
 48  59
 21  25
 46  58
 44  27
 44  20
 59  17
 10  56
 34  13
 41  29
 25  51
 51  23
 53   4
 22   2
 28  22
  8  54
 18  29
 56  46
 12  59
 12   6
  4   9
 28  13
 46  54
  9  51
 33  31
  0  51
 55  51
 11  52
 58   1
  0  44
  0   7
 30  56
 44  24
 22  58
 37  31
 20  59
 49  12
  0  38
  9  46
 24   1
 41  30
 49  34
 40   4
 10  10
 27  34
 47  41
 55  29
 39   3
 56  35
 19   8
 30   7
 47  19
 35  53
 39  19
 54  52
 35   4
  1  56
  2  45
 27  50
 18  18
 47   6
  7  54
 20  28
  1   7
 36  36
 21  22
 34  20
 15   9
 35  56
 41  12
 50  10
 59  45
 59   3
 13  33
  7  50
 51  51
 40  36
 28  23
 29  19
 42  34
 55  55
 21   2
 37  36
 27  35
 32  48
 38  29
  7  52
 59  47
 48  16
 40  32
 25  56
 19  35
 27  20
 33  10
 54  23
 59  16
 31   8
 34  49
 51  12
 42  27
 23   1
 13  54
 24  49
 54  28
 20   3
  6  44
 40  37
  0  35
 19  50
  2  51
 57  50
 10   4
  5  49
 26   7
 32  35
 59  49
 34  57
 56  26
 50  24
 33  30
 44  26
 30   5
 16  30
 10  11
 36  35
  0  19
 19   3
 36  52
 16   9
  2   4
 26  25
 22  25
 27   8
 13   8
 53   2
  4  58
 19  59
 55   3
 14   3
 19  20
  1  50
 45   7
 45  21
 25   5
 21   6
  1  30
  8  50
  0  28
 12  10
 28  15
 19   4
 33  54
 59  54
 20  29
  7   6
 34  35
 46   3
 22  32
 57  43
