101
60 70
96 82
92 76
95  0
54 46
69 100
15 30
69 64
60 62
85 82
74  8
89 36
23 94
32 82
20 34
21 68
90 64
 4 76
20 56
 3 12
 7 58
65  8
73 98
91 34
86 56
44 100
12 38
11 24
 1 91
18 76
63 84
 7 54
19 50
11 58
35 36
29 58
67 60
50 44
72 92
21  4
85 98
31 86
 2 72
63 92
68  8
75 60
11 94
55 80
80 32
76 88
79 86
72 70
72 68
33 12
20 84
44 20
 2 68
 8 90
55 18
17 70
82 52
83 88
30 38
19 92
 7 100
24 36
25 16
 5  4
36 76
55 88
 9 40
86 50
12 90
14 14
87  6
14 36
93  8
75 74
16 52
12 34
55  8
12 88
82 72
 9 22
80  0
74 18
52 66
45 16
16 66
55 44
67 62
18 74
97 98
99 94
55 56
18 38
53 76
 3 58
83 60
56 80
 7 34
57  6
96 54
21 52
58 14
59 68
58  6
15 12
36 72
51 28
75 62
79 84
93 36
21 76
15 80
43 24
79 64
37 98
74 44
58 90
40 74
82 44
84 22
52 74
88 90
79 58
60 100
 3 36
27 62
46 18
38 88
72 24
64  2
95 24
44 44
13 98
63 74
13  6
51 44
 6 36
19 58
20 72
66 46
83 64
56 38
28 26
 8 86
42 90
66 80
52 68
45 40
 2 38
 8 44
97 42
 1 48
27 54
66 18
48 90
75 48
45  2
12 72
37 60
24 100
30 16
 1 47
61  6
53 16
44 70
55 34
58 92
 3 18
55  0
80 50
26 54
99 17
87  8
40 38
33 28
91 86
63  2
71 64
26 98
57 30
 1 71
91 50
39 54
99 61
48 30
 5 34
13 94
78 24
21 74
 6  6
28 22
18 20
25 20
24 90
45 48
41 92
60 98
63 72
80 44
41 40
17 10
72  4
52 32
55 94
45 38
36 92
95 74
68 56
16 78
 3 34
45 94
16 94
28 72
49 84
 4 50
48 10
19 44
50 96
25 56
49 64
45 72
48 64
 6 86
 6 72
55 42
78 62
90 22
43 32
89 20
69  2
88 40
21 32
52 44
55 90
96 84
56 94
19 88
65 58
 3 98
48 56
13 92
14 86
12 42
16 38
63 16
 2 40
28 90
18 86
71 84
41  0
79 60
28 52
79 88
36 20
99 13
37 82
86 86
14 74
13 14
52 94
41 50
82  4
15 28
82 70
14 56
37 96
 1 32
50 20
70 36
95 38
20 52
36 90
45  6
52  6
25 98
57  0
 2 52
91 44
90 72
50 50
 9 50
56 58
43 10
87 10
13  8
63 96
73 90
76 80
34 24
26 82
74 58
60 94
 9 64
57 86
47 82
54  2
14 30
 7 74
24 88
82 14
19 46
14 46
 4 28
61 68
41 80
29 68
71 36
12 78
67 48
53 52
55 64
58  0
20 76
10 78
73 30
77 84
71 44
 1 34
11 88
 3 40
32  8
10  0
82 86
90 36
75 28
32 20
35 46
67 74
35 12
50 10
86 20
99  4
30 64
46  2
59 78
59 32
92 94
92 40
 9 54
68 40
 7 14
58 98
54 100
28  8
84  2
98 28
55 92
71 88
 6 34
28 28
30 36
64 20
 3 78
19  0
72 10
24 70
35 50
53 10
81 50
16 24
30 34
11 70
45 60
77 94
32 42
98 74
81 48
80 100
91 76
35 24
15  0
81 58
92  2
65 34
11 44
49  0
 6 44
82 80
10 58
92 18
52 100
36 98
50 60
41 54
11 16
61 86
60 54
30 60
90  8
39 10
99 25
53 78
93 22
85 12
15 48
80 70
34 70
78 12
58 36
34 86
64 54
25 28
62 24
49 42
21 90
85 86
38 76
72 78
55 70
 1 95
56 52
64 18
70 60
32 86
63 78
16 64
96 40
70 52
 5 94
89 40
54 48
85 58
30 86
53 74
71  6
58 58
56 36
77 48
 2 32
44 74
75 20
47  4
31 12
72 94
21 18
 1 78
77 30
28 44
69 78
74 26
37 66
87 96
 8 16
30 44
98 18
 9 92
60 78
27  0
44 18
51 86
51 70
96 50
57 38
27 28
58 68
34 14
47 70
17 84
55 30
20 82
62 28
97 48
 3 42
56 68
19 66
75 40
98 84
37 86
 1 100
16 28
89  4
15 78
97  6
42 62
 9 58
53 36
99 64
 2  0
54 56
66 38
21 16
42 100
59 62
84 58
10 24
44  8
35 80
34 82
81 88
99 14
55 46
22  2
 3 70
67 94
87 36
95 94
40 88
74 20
58  2
41 66
59 20
34 68
90 88
92 58
99 58
17 38
92 68
53 14
84 10
20 54
 8 88
26 80
96 30
21 94
23 20
69 52
15 20
83 82
52 98
14 70
57 90
 1 30
86 68
52 34
80 48
82 74
 6 22
37 42
95 88
84 54
43 52
41 72
98 48
76 94
14 48
18 34
97 26
86 98
18 60
54 84
69 74
24 42
55 72
78 70
91 38
96 74
27 68
26 92
67  4
57 12
35 86
65 32
79 72
71 52
38 48
66 78
57 14
31 30
 1 63
46 70
46 38
 3 44
51 94
40 86
93  2
24 62
 8 96
34 52
62 94
96  8
29 20
61 28
 5 46
15 70
72 88
64 86
37 36
54 80
21 56
28 60
68  0
 2 58
27 92
38 44
65 50
63  6
47  0
50  0
77 44
31 36
 1 27
61 48
40 22
25 68
 3 10
35 82
62 72
57 82
36 84
24 56
37 18
 3 86
72 16
46 14
93  6
88 98
66 94
89 58
14 64
98 50
33 54
60  0
99 66
87 82
14 16
68 88
51 40
30 46
34 46
69 96
85 28
81 98
65 48
57 50
28 64
99 24
48 28
11 86
26 28
52 22
33 24
14 42
70 78
90 96
68 82
44 48
 5 16
95  4
49 26
34 20
19 62
80 16
81 42
67 78
29 62
92 90
97 14
49 22
34  6
78  0
68 44
11 32
83 42
39 90
40 92
71 72
54 22
86 66
89 54
73 28
81 68
20 88
43 84
15 40
36 36
59 30
43 72
99 12
95  8
31 56
86 82
24 92
80 98
48 22
37 44
29 24
14 90
14 20
10 26
71 56
13 90
52 64
58 28
10 44
75  0
65 74
56 44
88 28
22 64
79 52
96  4
59 26
66 76
17 44
96 80
46 86
57 98
11 12
95 46
 9 88
73 44
 3 48
 1 18
99 21
17 72
87 78
96 44
49  4
64 98
21  6
99 88
26  2
43 34
63 28
97 12
48 32
56 48
96 100
27 96
26 78
64 60
10 38
22 78
54  8
87 84
34 36
51 100
69  4
91 70
71 70
72 54
39 62
50 88
67 30
32 24
74 56
65 70
35  4
27 86
34 16
90 44
85 14
 7  0
63 48
64 44
13 82
83 56
17  4
65 52
81 16
96 86
59 10
23 18
77 14
61 24
14 32
13 26
39 48
29 16
46  6
99 62
67 82
44 64
90 34
32 70
88 30
31 20
 1  4
15 14
62 16
16 98
67 16
46  4
97 80
70 96
 1 82
99  8
93 58
92  0
92 72
10 50
 4 68
72 82
72 26
85 60
63 86
56 12
 6 76
82 30
64 50
66  0
79 30
39 88
 9  0
52 20
84 26
44 30
51 74
35  8
66 70
47 28
27 98
72 76
81  8
24 20
37 50
78 100
61 20
20 46
53 20
14 94
94 84
61 30
48 92
44 98
89  6
49 44
50 68
56 84
51 10
58 38
91 56
34 98
25 76
82 38
15  6
67 38
61 66
86 16
45 12
71 26
70 18
43 44
41 32
70 38
65 12
85 52
63 60
42 40
23 32
95 20
32 90
11  6
50  8
66 56
 7 64
37 74
10 96
80 88
41 94
74 34
24 34
27 26
47  2
44 86
39 70
63 66
14 12
60 84
55 74
31 22
 8 20
84 44
71 94
 7 82
85 94
51 56
28 34
93 52
39 32
93 72
93 32
23 10
54 90
88 26
26 14
15 84
49 94
68 34
 1 40
37 56
84 90
 4  8
20 98
21 22
79 92
16 86
88  0
36 80
64 78
76 96
 4 20
44 12
52 72
52 48
83 76
69 22
11 100
92 10
69 40
70 12
 1 60
91 92
25 74
74 90
33 68
55 62
32 28
58 64
86  2
65 72
15 24
94 10
63  0
24 48
22 82
11 14
76 50
93 80
83 84
24 76
49 52
99 92
92 32
18 64
40 14
 4 32
55 24
12 54
83 18
76 34
12 70
94 72
28 20
26 16
64 58
98  8
96 18
51 20
22 10
22 70
29 88
16 20
86 58
17 80
50 72
60 58
52 76
96 42
91 78
66 42
94 16
98 38
44 66
30 68
39  2
47 74
30 82
85 20
20  2
17 14
26 56
52 86
42 18
12 58
33 88
43 98
35 42
67 42
25 82
29 84
35 84
55 98
90  6
75 68
59  8
64 72
84 84
 4 52
65 80
10 64
39 50
99 38
 4 16
20 74
88  4
77 56
80 94
 9 20
30  0
60 66
17 96
18 18
21 82
11 10
 7 16
72 80
42 26
99 44
 7 32
52 42
10 62
 1 22
80 18
38 20
89  8
43 30
95 84
54  0
87 30
 8  8
67 76
81 94
70 70
27 18
23 36
 7 24
76 60
94 74
 7 50
 7 68
52 90
30 50
81 84
23 26
27 56
97 56
54 24
19 84
62 82
16  0
93 10
24  8
19 56
63 54
40 64
38 42
35 14
75 24
32 22
18  2
80 28
53 60
79 68
99 78
26 48
36 24
 6  8
16 12
15  8
66 48
85 42
86 52
 4 40
99 65
26  8
45 46
32 46
45 54
86 22
15 74
20  4
91 14
 4 54
43 58
66 60
96 12
 8 82
55 60
76 30
13 54
47 98
14 10
34 96
21 50
69 36
32 68
 3 22
10  6
65 88
72 22
70 54
53  0
29 50
98 68
93 88
12 30
56 26
14 28
86 88
75  4
90 54
17 28
 1 96
93 66
69 68
67 22
53 18
87 26
97 64
70  6
42 68
42 74
85 90
71 20
87 66
89 92
32 92
 1 39
98 88
 1 67
45 90
 4  4
26 52
15 38
48 86
79  6
36 68
 4  2
81 92
54 68
34 38
73 64
74 82
43 16
57 66
42 96
29  8
83 20
17 74
 7 12
92 62
 8 46
83  6
11 40
90 18
10 74
45 70
79 62
93 64
98 76
11 66
22 38
96 88
 4 58
59 82
94 30
62 86
84 36
90 14
44 80
49 74
23 48
43 50
17 68
 2 10
12 96
29 66
77 26
22 66
76 38
50 80
11 76
62 12
25 24
37 90
97 68
19 12
27 12
29 80
63 20
 9 68
62 100
67 72
19 24
 1 50
79  8
94 50
64 32
20 10
42 28
77 62
88 92
46 60
69 82
24 26
88 94
14 18
26 68
 7  6
47 76
65 60
 8 72
90 40
72 50
13 72
44 32
54 74
45  0
92 44
18 48
58 20
91 40
54 38
73 86
18 62
92 16
78 32
 6 60
44 78
41 30
96 56
 8 58
66 88
36 56
47 44
47 54
66 66
53 34
73 78
91 46
84 20
38 12
 6 10
95 82
29 46
96 62
61 82
39 74
63  8
85 62
52 62
62  6
20 70
68 84
99 48
 8 10
 5 28
20 100
68 42
84 56
44 96
25 38
97 88
25 36
22 54
55 82
46 46
99 70
67 80
 6 56
49 72
69 34
20 26
28 70
85 78
98 92
53 100
30 30
57 76
78 68
39 26
38 74
25  6
41 24
58 48
 5 86
10 54
83 48
94 46
28 38
53 70
79  4
49 56
18 42
69 18
68 90
67 26
21 58
14  2
35 18
16 84
84 16
27 88
85 48
90  2
47 64
57  4
45 42
28 24
58 96
99 28
85 18
24 72
 5  2
13 40
81 20
40 56
53 98
17 46
74 42
54 62
45 26
11 52
49 100
41  2
47 56
 6 20
93 56
47 88
49  8
50  4
73 34
95 78
80 14
58 82
57 68
 5 42
90 94
94  8
61 26
68 48
84  8
82 16
69 32
35 10
50 56
22 36
63 36
73 92
62  8
16 16
78 94
93 96
92 74
70 42
 4 56
89 78
10 98
61 100
77 16
97 38
29 18
34 56
64 22
36 58
56  4
80 82
40 66
80  2
24 24
77 34
86  4
84 52
 8 38
33 60
52 84
40 12
15 22
 5 40
83 70
31 40
 7 86
42 52
 7 40
65 68
93 60
78  2
76  4
54 28
81 34
78 22
 3 80
37 24
90  0
18 82
39 30
12 66
63 58
75 22
 9  6
 3 56
93 38
21 44
46 76
35 38
16 18
77 90
68 76
 5 32
44 94
95 86
59 74
88 16
50 40
47 60
14 34
71 100
84 34
68 92
 8 62
53 66
45 32
16 50
11  0
67 54
 1 28
68 28
81 52
23 60
28  6
 7 44
10 48
32 34
36 88
65 56
31 62
43 90
45 10
49 70
22 18
10  4
69 20
96  2
24 30
45 22
19 28
68 68
52 78
88 74
74 84
89 100
36 32
32 100
37  8
23 44
51 46
90 46
21 14
96 38
53 86
12 16
62 80
68 62
72 14
 3 74
94 24
56 82
13  0
 3 28
62 76
48 20
61 36
99 42
 3 16
61 54
 3  4
70 20
77 58
28 92
27 58
51 92
40 68
62 56
77 18
94 44
94 40
88 68
46  8
 5 58
75 66
39 16
14 44
23 28
93 48
65 54
67 96
90 74
51 58
81  0
34 60
 2 76
97 46
83 26
22 84
68 38
65 100
13 10
88 54
89 14
97 92
22 24
30 96
67 24
 2 46
16 82
38 100
14 62
86 24
41 74
47 78
55 76
34 40
73 84
30 58
10 100
10 56
54 14
59 18
 3 100
56 22
31 42
12  8
84 32
36 40
 7 46
97 24
38 52
67 14
46 96
36 54
81 80
 5 10
22  8
16 58
46 78
82 92
61 98
23 84
17 48
 2 24
 6 26
64 88
42 94
 8 42
52 54
 5 74
 1 24
28  2
93 26
47 12
81 54
78 60
49 46
90 26
25  4
 4 92
78 82
60 28
84 64
18 16
 6 74
60 52
48 50
88 42
29 44
32 12
59 98
14 40
15 56
15 34
78 50
48 70
99 16
 1 23
14 80
98 80
79 28
70  2
83 30
81 78
94 36
10 94
83 14
77 92
46 88
78 98
60 18
91 94
26 46
99 10
96 68
29 42
84 96
56  2
 9 28
17 34
22 94
18 70
41 46
42 10
60 36
89 86
96 90
92 60
96 78
68 78
60 86
33  4
97 60
60 22
61 96
71 86
13 48
34  2
 3  8
 4 62
21 64
42 12
48 62
80 62
34 64
74 64
70 92
75 26
40 94
91 18
 2 42
89 12
32 32
89 34
28 40
86 94
18 30
33 16
42 78
17 76
68 70
19  8
15 68
79 38
16  6
31  0
53 54
68 94
 8 26
24 58
22 50
90 24
16 90
78 30
 1 44
36  2
62 38
78 92
15 10
64 14
29 38
35 66
75 96
43  8
27 34
80 12
68 22
57 100
54 98
91 16
41 60
99 40
53  2
84 100
89 50
79 22
 1 19
28 10
51 68
13 36
25 54
46 98
41 52
54 30
66 74
72  8
51 38
71 60
40 82
69 98
30 24
34 22
98 90
31 70
 8 50
10 82
61  0
26 76
83 16
25 72
60  8
96 10
58 24
97 16
30 52
56 92
93 30
19 52
13 96
46 10
49 38
 3 62
40  0
49 60
42 46
76 66
 5 68
28 14
37 22
86 70
20 78
37  0
40 96
 6 28
43 54
16  4
78 88
97 28
28 16
33 50
73  2
88 50
 8  0
 1 52
39 92
69 56
79 50
24 60
94 34
64 24
29  0
72 90
98 64
33 98
29 36
 9 24
64 68
58 56
73 60
64 92
43 68
93 70
52 80
58 52
93 74
90 28
 5  8
79 48
22 96
89 74
15 98
98 78
69 54
62 26
19  4
88 80
48 46
32 30
75 82
79 32
47 24
33 40
27 32
77 52
91 28
66 24
21 46
22 40
52 50
27 30
21 28
33  8
85 64
50 34
73 72
 6  0
63 56
96 16
44 28
28 88
16 62
29  2
13 66
66 32
68 50
10 18
52 28
47 32
51 78
63 94
81 86
38  8
91 12
53 26
64 34
19 64
32 56
17 50
40 76
50 92
89 90
75 38
46 56
49 16
49 48
65 86
99 33
 5 66
67 86
66 84
 2 20
37 12
24 38
94 20
66 44
73 10
55 84
36 78
95 52
18 54
78 44
35 88
48 66
43 28
57  2
93 90
63 52
82 48
70 48
62 52
31 84
70 50
46 22
83  8
69 28
42 64
91 98
97  2
41  8
46 84
21 88
86 34
41 14
54 54
90 50
76 12
36 64
36  0
 5 24
66 36
20  8
56 78
30 18
69 10
45 44
59 92
37  6
88 38
40  8
89 18
95 58
58 84
27 24
38 24
73 52
48 84
66 64
18 26
60 34
57 26
88 82
 9 78
93 68
86 80
26 18
35 72
32  6
39  8
76  6
13 80
17 26
18 12
78  8
 3 32
33 72
 5  0
13 12
43 66
48 40
66 62
75 32
77 74
19 100
 3 90
79 94
52 58
 6 98
83  4
 7 72
64 94
76  8
57 60
60 80
83 40
29 94
41 48
78 38
19 48
27 10
26 86
26 32
15 86
41 22
85 68
56 42
18 90
45 96
87 56
57 62
23  0
83 54
21 12
 2 50
14 96
47 20
99  9
50 32
43 88
91  8
57  8
26 40
97 62
69  8
10 32
87 32
34 10
80 20
72 28
57 28
61 42
57 20
 9 56
 9 90
97 76
33 34
72 56
38 78
99  5
34 58
87 38
 3 14
33  6
31 34
11 90
67 90
10 46
44 58
83 24
48  6
79 96
30 62
64  6
12  2
89 46
24 68
81 14
11 34
 3 54
27 80
61 84
 9 80
16 70
50 78
23 54
59 86
78  6
87 48
78 46
16 96
30 98
80 10
74 92
59 64
71 54
32 72
99 41
42  8
88 78
27 60
83 68
89 56
 3  6
48 48
98 20
65  0
82 34
58 34
91 62
48 44
89 60
30  2
82 22
39 42
 8  4
36 30
58 22
45 56
76  0
 2 80
49 40
 1 36
 7 52
97 22
37 62
38 84
80 52
50 52
43 56
60 64
94 22
63 24
59 54
94 68
24  0
57 10
27  8
95 32
57 44
12 50
65 38
 8 78
73 32
90 48
98 52
97 86
 8 40
31 54
87 92
80 34
92 26
35 64
73 74
24  2
12 64
14 88
81 28
56 16
22 88
49 14
19 22
28 54
 5 80
 7 90
51 42
29 32
67 28
18 50
 9 100
 8 52
23 42
85 16
39 84
73  4
47 80
59 48
27 52
98 60
49  6
21 26
 5 20
77 12
49  2
27 22
86 92
47 94
 6 24
84 40
49 12
77 46
64 10
81 96
99 98
31  2
28 56
13 78
 1 80
28 18
10 84
 3 72
89 48
 2 88
76 26
22 62
89 68
28 78
78 14
95 36
 5 92
45 30
37 72
98  2
80  6
24 50
98 58
92 14
81 66
79 76
37  4
33 26
81 12
67 12
98 62
83 12
32 94
64  0
34 50
44 68
99 57
76 56
86 90
83 92
18 46
32 84
 2 12
75 90
65 40
64 96
81 62
 9  8
22 92
81 82
36 10
94 86
15 90
61 14
58 30
81 22
55 50
38 54
33 90
94 78
18 94
17 62
17 30
81 46
27 36
87  4
22 26
77 10
78 76
96 32
67 46
32  2
35 92
85 96
94 60
18 10
99 85
 9 52
31 94
58 94
88 20
30 28
62 42
22 58
86 12
47  6
57 16
30 54
71 96
37 34
12 24
84 60
86 44
60 10
11 26
93 12
88  6
42 44
 9 70
23 92
74 60
51 26
65 14
41 34
69 48
18 32
68 74
93 46
 6 54
11 48
67 88
35 78
 3 76
 1 88
 3  2
43  4
32 54
49 92
44  6
40 78
93 76
16 60
17 36
72 30
 1 11
84 62
20 16
32 88
70 90
91 48
58 16
33 46
28 42
64  8
39 66
89 94
94 88
 4 74
14 50
45 92
15 44
43 18
85 80
23 76
59  4
81 70
26 96
80 56
44 34
 1 55
85 100
 9 84
66 26
38 86
 6 96
30 40
42  0
43 14
88  8
42 30
60 76
99 80
51 52
37 94
 9 30
37 48
61 72
75 34
92 96
59 46
 8 80
58 32
77 24
42 48
61 60
92 82
87 52
56 56
31 74
13 28
88 76
82 84
23 98
16 40
71 28
93 24
 6 52
94 62
86 84
72 96
24 14
99  6
49 66
45 98
85 76
38  6
71 76
61 40
90 32
63 80
56 88
62 90
95  6
19 14
19 78
98 66
50 64
95 80
48 14
85 72
51 82
11 82
94 12
80 54
 1 20
19 86
96 96
26 26
66 40
 2 30
20  6
 3 96
17 90
76 86
53 96
98 96
12 22
27 38
24 74
65 42
86  0
19 16
29 52
41 20
88 88
12 76
52 38
32 58
42  2
83  2
59 60
94 48
48 82
94 76
97 74
 4 42
86 10
80 92
61  2
13 44
52 52
79 24
12 74
68 12
64 48
80 22
74 86
84 98
55 28
22 28
 4 38
54 52
86 60
18 22
79  0
18 68
 5 96
92 30
59 56
28 96
 3 82
60 56
19 82
77  4
16  8
99 54
74  0
 8 98
 9 74
71 32
92 48
18 98
90 76
68 80
70 24
14 68
79 82
46 24
50 74
61 58
33 62
52 26
 4 72
91 68
54 66
97  0
15 66
29 92
50 82
77 72
65 82
16 72
38 94
64 76
22 42
49 68
63 64
 4 18
14 60
12 28
26 88
51 80
28 98
 9  4
 4 44
73 54
46 68
69 94
41 10
69 90
32 16
32 66
66 54
 4 78
63 44
78 10
97 50
38 90
34 48
 8 92
28 66
34  0
95 34
 2 54
80 42
65 84
72 36
18  6
22 20
61 46
14 22
47 92
97 90
23 82
28 46
15  2
47 84
66 22
47 100
65 64
69 12
85 66
39 82
10 30
64 66
13 38
57 40
29 34
 3 84
 5 100
28 68
48 100
28 100
59 90
21 100
16 26
61 92
17 22
72 74
38 92
24 52
62  2
 3 64
66 86
 5 14
40 70
72 48
83 32
40 18
42 50
11 62
98 100
94 26
69 46
13 70
35 28
50 100
17 98
59 94
29 48
63 10
21 72
48 34
42 80
 3 26
22 44
77 32
10 10
 1  8
 1 64
84 12
24 94
38 66
68  6
53 40
68 52
12 60
 4 90
14 38
21 34
49 96
83 80
78 96
70 88
34 100
87 60
12 98
55 26
43 20
15 52
40 84
63 46
24 86
44 88
 5 30
65  6
88 36
90 16
67 50
86 36
26 44
 7 20
76 44
87 74
12 48
21  2
56 40
66 20
10 66
82 90
 4 96
90 92
18 56
44  4
27 76
50 36
29 30
54 94
70  4
76 22
25  8
75  2
63 38
54 92
39 40
83 66
90 58
69  6
67 52
45 62
72 18
41 90
63 76
59 16
52 14
53 22
24 18
36  8
 9 48
11 80
 5 88
69 66
63 30
97 40
50 24
29 76
32 40
21 60
 7 78
93 84
19 38
23 96
37 84
44 14
20  0
57 48
41 58
82  6
38 72
 9 44
55 14
27 94
 1 43
67 20
79 66
99 32
22 34
80 68
53 44
13 20
93 86
26 12
36 26
24 66
75 100
99 20
95 16
46 28
64 52
82 64
38 68
95 10
34 30
22 48
84 66
87 64
68 54
92 80
89 24
95  2
68 10
69 24
68 30
78 16
 2 78
43 46
77  6
94 94
15 26
31 28
47 18
 3 66
73 56
 9 14
88 66
 5 54
34 34
18  4
12 32
60 82
84 68
88 18
21 10
51  4
18 92
84 28
40 60
74  4
80 46
87 70
53 80
58  8
 8 54
56 96
77 54
48 42
92 38
21 36
64 42
85 88
97 100
84 74
41 36
62 48
78 34
 6 14
10 52
61 88
70 66
13 16
82 88
65 62
18 100
46 90
82 66
96 94
22 32
59 88
50 38
 6 16
10 86
66 12
71 22
69 76
60 44
60 74
 3 60
63 82
19 72
96 58
92 36
43 100
89 96
51 64
97 58
10 36
40 46
62 66
46 92
47 66
41 78
 9 38
81 30
37 14
11 84
42 22
13  4
95 90
36 28
62 96
 6 32
59 100
 8 34
60 24
89 30
81 72
75 42
65 16
19 74
76 46
82 12
17  6
50 90
44 38
 7  2
 4 48
67 36
29 56
26 74
38 10
82 24
17 82
25 50
42 58
43 76
28 62
91 36
21 66
73 46
27 64
77 50
78 56
38 36
91 58
10 20
57 32
90 86
43 12
98 22
72 20
 9 16
 5 12
52 24
44 52
13 46
82 68
 9 82
94 80
11 98
32  0
11 36
76 36
32 80
99 36
74 36
95 48
31  4
84 78
49 78
95 66
58 12
79 98
96 48
 1 10
50 76
32 96
38 70
20 90
25 62
38  0
20 68
30 80
96 52
87 24
36 70
38 28
 9 98
 6 62
76 84
68 66
30 78
14 92
58 44
99  1
70 98
 6 92
16 100
36 82
19 20
59 72
36 12
48 18
17  0
82  2
91 10
47 38
25 86
 3 52
43 40
11 74
71  2
73 82
36 14
19 36
 4 88
 8 12
59 34
89 32
60 46
93 98
26 94
77 40
35 52
21 20
25  0
81 90
42 20
78 42
16 44
14 66
22 12
50 98
97 20
64 36
46 64
69 30
 1 31
96 60
32 10
58 42
 8 60
13 86
 4 98
63 88
88 10
60  4
10 70
98 70
32 98
65 10
56 98
72 40
51 66
92 92
41 82
52 60
10 28
34 78
40 54
42 84
63 62
75 16
62 44
25 18
45 58
76 78
44 46
71 68
77 82
18 36
41  6
53 42
 5 36
 5 52
 9 12
25 94
85 44
63 42
55 22
73 66
65 92
34 62
24  6
51 96
76 20
 2 66
90 70
33 56
74 14
40 34
71 18
99  2
32  4
68 72
42 76
31 50
54 50
 6 64
62 10
 2 90
10 22
35 76
41 100
74 38
 5 84
33 66
48 94
33 64
 3 38
23 86
46 40
35 32
61 32
10 76
19 32
75 58
 9 72
67  8
90 80
62 18
24 46
15 46
48 36
25  2
20 20
85 40
37 40
13 64
56 32
67 10
45 50
17 32
16 42
26 72
21 92
65 26
71 66
22  4
61  8
95 76
23 62
17 56
69 38
84 80
15 92
57 18
76 72
77 28
39 60
37 100
98 36
77 86
77  2
53 82
92  8
23 22
81 10
79 74
41 16
43  6
49 90
53 24
99 30
43 36
93 62
43 26
47 90
16 56
76 82
98  4
58 66
48  4
 2 22
53  4
 5 64
23 78
79 46
59 42
13 68
46 30
11 96
28 32
27 78
21 86
41 28
63 50
96 34
60 60
27 40
59 80
 1 72
96 76
45 74
59 28
 3 68
98 98
70 80
48  2
72  2
90 82
92 28
98 14
99 82
50 48
34 92
57 74
27 16
54 40
44 54
97 84
38 82
44 26
31 76
67 70
62 84
31 44
82 36
67  6
41 18
37 76
76  2
63 12
86  8
68 14
72 86
16 36
 1 74
89 38
46 48
76 24
77 66
35 90
91 64
82 32
98 82
87 14
70 14
76 28
 1 70
94 28
 7 70
63 26
24  4
99 52
13 62
55 52
49 28
37 30
32 62
40 48
25 34
25 64
39 68
70 76
60 14
99 18
45 76
 4 24
87 16
48 98
96 66
27 84
64 12
73 80
65  4
42 34
61 12
46 80
14 84
27 44
71 12
43 60
31 16
31 72
22  0
75 56
52 40
45 24
96 92
30 22
63 22
88 34
61 38
14  4
30 14
47 48
 7 38
79  2
86 76
56  0
70  8
68  4
55  6
 7 30
 5 26
79 44
76 92
94  6
63 68
92 56
53 38
99 49
78 78
82 96
55 54
50 16
80 76
10 92
99 34
88 84
86 14
75 88
87 12
35 44
67 44
59 40
74 40
55 66
21 80
75 30
11 54
64 46
24 16
81 44
45 84
81 76
82 58
83 52
99 45
73 16
12 82
15 94
92  6
91 100
50 84
 9 66
19 26
71  8
36 18
74 22
83 72
30 66
 5 82
 8 14
49 58
17 42
85 26
60 72
92 70
45 28
74 66
28 82
40 90
82 94
85 36
17 18
11 78
97 54
79 20
13  2
10 42
25 10
76 40
57 58
14 26
47 22
 7 94
 4  6
17 78
25 48
80 90
 6 88
85 74
62 30
37 54
66 98
76 62
86 72
72  6
29 90
68 32
62 68
97 30
47 36
84 30
82  0
99 50
 5 18
90 30
83 62
63 18
28 84
35 48
43 92
51 98
58 80
89 72
74 76
 8 68
72 58
56 70
 9 62
 1 99
71 78
71 42
61 50
67 98
23 12
78 26
67 40
89 62
15 100
26  0
 7 60
16 80
28  4
74 72
80 58
58 60
58 78
38 38
87 58
86 28
44 24
79 100
41 26
40  2
 8 28
30 10
63  4
36 94
95 44
73 76
24 78
15  4
58 76
90 68
83 86
75 76
20 38
74 16
50 54
91 88
85 10
51 30
26 62
66 68
87 86
41 42
74  6
48 52
56 66
89 66
93 44
51 88
87 42
87 98
94  4
 8 22
36 44
75 52
20 32
88  2
98 44
34 72
56 10
 6 94
28 94
78 36
11 72
66 52
78 84
28 36
15 64
35 34
61 76
62 62
67 32
60 92
54 36
35 98
 1  2
11 46
 3 92
23 70
56 90
31 82
 2 70
65 94
78  4
96 26
49 54
51  0
17 94
82 76
87 34
33 14
 1 68
82  8
76 54
85 38
56 100
12  6
55 68
89  2
50 26
24 22
29 22
93 28
26 84
 1 62
 5 76
42 16
43 62
74 54
83 34
43 78
99 37
55 40
34 84
94 90
80 84
69 92
29 64
54 70
73 36
84 46
12 84
71 38
48 54
33  0
70 64
80 66
91 20
99 73
11 56
13 58
23 90
86 18
92 52
66 14
62 92
85 34
70 16
68 60
36 86
78 18
66  2
36 46
45  4
62 40
89 26
96 70
 2 60
72 32
80 74
69 44
48  0
32 48
78 40
16 74
68 26
29  4
44  2
15 50
90  4
 8 48
12 14
71  4
21 42
53 12
65  2
57 36
85 30
16 76
17 60
91 60
40 16
70 44
41 68
 6 90
31 90
79 90
73 70
 6  4
61 64
47 86
38 80
99 69
21 84
84 92
73 20
95 56
25 92
73 42
 8 84
16 22
38 32
24 96
59 44
74  2
29 78
27 70
69 14
46 36
55 20
 4 46
20 86
57 24
56 34
51 22
61 62
77 64
35 56
94 18
25 30
58 72
77  0
81 74
37 68
23 50
82 54
17 24
71 98
38 26
87 20
31 32
37 64
30 76
 6 100
75  6
16 88
99 22
 7 48
89  0
95 18
20 62
10 14
 7 80
25 42
73 94
78 80
39 34
68 24
18 58
31 64
92 54
49 18
40 72
82 60
23 24
83 78
55 32
69 72
26 24
45 18
53  6
55  2
78 64
21 40
 2 14
15 62
31 10
14 82
59 66
 6 70
82 46
98 54
49 32
95 28
91  2
36 34
99 26
 7 42
49 30
 7 76
42 92
27 90
41  4
40 24
 7 98
94 64
47 42
66 82
12 68
37 78
44 10
30 56
94 52
 1 86
36 22
54 58
46 66
49 24
96 28
 6  2
69 80
43 70
34 90
27 82
40 28
49 36
78 52
97 70
68 100
53 28
 2 86
61 70
19 94
70 84
83 90
12 62
98 72
30 92
48 88
70 68
 1 90
59 22
46 94
 6 18
24 10
10 88
37 92
77 42
53  8
54  6
42 24
84 48
77 100
88 96
33 10
47 52
83 74
86 54
25 100
58 62
86  6
53 84
56 74
47 30
94 58
27 20
 5 78
99 89
49 62
 5 56
46 42
92 64
 1 59
34 42
20 96
98 10
33 22
58 100
75 72
61 74
49 34
22 14
 3 50
88 24
88 100
 7 36
84 72
94 66
27 14
99 86
32 60
62 60
47 50
 1 54
81 64
 4 60
33 20
 4 64
88 12
31 92
28 86
94 14
37 26
73 26
40 32
39 98
57 22
23 64
52 16
30 72
18 96
77 76
91 82
55 36
50 70
26 38
84 14
73 14
34 26
73 58
84 86
33 38
 6 40
45 80
 1  7
 4 66
99 97
17 86
 4  0
60 12
12  4
11 92
18 80
 5 72
70  0
34 32
46 82
85  4
57 42
11 50
32 44
59 12
39  6
99 93
93  0
77 88
46 20
75 86
97  8
74 30
68 20
27 100
58  4
35  2
95 72
35 94
52 82
 4 94
 2 36
10 72
29 72
82 62
97 10
22 68
62 36
64 82
65 28
39 86
79 56
60 42
 1 46
18 84
18 14
61 94
32 74
93 40
28  0
 8  2
 8 100
62 78
89 88
62 54
41 12
92 20
 8 18
45  8
 7 88
16 34
71 46
83 100
44 62
64 62
30 48
76 10
67 66
97 32
71 62
88 62
69 60
16  2
23 40
60 90
31 96
23 100
19 96
52  8
32 38
33 92
 7 96
81 38
70 10
78 48
99 68
70 32
 6 38
88 32
83 50
46 34
 9 10
19 18
23 16
27 66
15 96
49 98
57 34
 2 100
55  4
69 84
43 64
32 18
54 12
80 78
75 36
65 76
81 60
94 82
64 26
91 24
75 94
24 28
51 54
96 22
21 48
95 26
95 62
 2 82
72 46
76 32
10 60
38 62
 3 46
48 76
95 12
32 76
 8 24
45 82
44 90
86 78
90 98
65 30
99 76
48 74
39 96
71 40
24 84
57 88
66 28
 6 66
29 70
38 46
45 36
59 36
87 22
69 26
 6 58
22 46
84 94
73  8
47 58
74 12
14 100
85  6
99 96
19 54
67  2
81  4
64 90
 8 56
71 16
81 100
66 92
33 36
46 12
46 16
24 64
92 12
23 88
29 12
 2  8
29 96
75 12
26 22
65 78
74 28
31 78
50 30
25 80
73 100
87 94
 1 56
98 32
33 84
51  8
71 82
80 72
72 84
74 98
64 38
65 90
98 40
74 48
67 56
35  0
35 74
 5 48
69 42
54 26
62 32
89 44
75 70
59 50
96 72
20 94
14  6
28 58
80  8
29 82
33 32
65 96
 2 84
79 70
35 58
85 92
83 38
56 64
12  0
 5 22
15 76
81 32
87 76
77 36
23 34
73 40
62 34
60 30
17 16
20 14
59 38
 4 26
11 30
87 40
73 68
24 98
36  6
95 40
51 50
47 96
56 18
39 58
95 30
67 64
64 30
57 78
79 34
12 36
65 22
97  4
69 86
95 42
16 48
 5 44
54 20
59 58
59  0
39 52
22 22
 9 46
28 30
67 18
70 40
75 18
46 44
27 50
50 66
 4 22
64 70
70 56
44 56
70 58
35 40
 1 92
33 78
59 84
44 82
26 30
66  8
99 29
79 10
39 56
65 36
85 22
21 96
79 54
42 36
 7 22
89 84
94 96
30 70
61 90
69 88
88 46
44 50
15 82
32 64
48 12
44  0
52  4
35 20
28 48
25 52
10 40
89 52
14 52
96 36
80 30
46 52
48 96
77 60
27 46
56 28
 4 12
37 10
89 42
47  8
20 66
38 22
99  0
91 90
19 70
44 36
93 14
52  0
41 62
35 30
 8  6
19 10
18 52
21 54
42 56
26 64
 8 36
20 42
62  4
 2 94
56 62
63 90
12 40
77 70
89 80
81 24
44 92
95 96
56 24
34 88
31 80
87 90
90 42
92  4
 3 20
35  6
 7 66
39 78
98  0
84 50
 8 70
90 62
 2 44
70 72
40 26
90 78
37 20
12 46
67  0
97 94
74 88
54 96
19 42
39 100
25 26
47 68
60 88
71 92
27  2
60 16
23  2
50 86
31 58
 9 94
93 78
13 30
48  8
50 94
50 12
65 44
38 30
94 54
92 42
70 82
45 64
18 28
93 42
39  0
62 20
51 14
55 100
11 68
36 16
41 84
90 66
56  8
11  4
 8 32
 7  4
95 22
95 60
51  6
44 16
55 12
55 38
37 38
73  6
99 46
64 100
74 96
15 54
 9 32
 6 78
81  6
84  4
 4 70
40 44
39 76
38 34
64  4
70 62
32 52
11 18
92 22
41 76
 1 87
36 96
26 90
17 66
19  2
68 98
70 74
75 46
47 62
90 10
85 32
87 80
99 100
88 22
10  2
 1 38
65 18
 6 12
85 70
28 12
 5 62
40 50
38  2
53 56
91  0
93 92
38 96
88 70
 1  6
26 10
81  2
47 40
79 78
42 72
81 18
53 48
24 82
51  2
 8 76
38 14
93 94
15 58
30 74
46 72
11 22
 1 35
 5 98
66 72
41 56
14  0
90 60
21  0
81 40
39 44
62 98
15 60
85 46
17 20
11 64
47 14
40 100
22 72
90 56
71 50
79 42
56 86
41 88
43 74
79 36
33 80
29 40
40 10
71 30
61 56
96  0
19  6
91 54
60 32
66 100
97 36
72 72
89 70
75 10
88 72
48 24
98 56
 1 51
 1  3
35 96
38 40
85 24
52 46
91 30
10 80
35 26
 6 84
66  6
85 56
97 78
97 82
44 42
83 58
25 46
99 53
 5 70
17 54
72  0
59 70
25 44
10 34
53 46
85 50
88 48
48 68
19 40
94 56
33 96
70 30
52 12
98 30
20 50
75 80
31 60
86 100
74 70
71 10
13 76
89 64
30 12
12 86
25 14
98 12
33 76
60 68
13 84
68 86
18  8
77 96
51 18
87 100
 5 60
54 82
 3 88
65 66
86 32
64 84
93 82
87 72
 2 48
30 20
 3 24
44 84
26 50
36 66
53 50
47 10
19 60
46 74
37 28
58 54
38 98
37 88
84  0
75 84
18 88
54 64
12 18
17 64
 1 14
23 56
29 86
95 64
31 24
58 46
29 60
52 70
72 98
25 58
12 26
88 44
21 62
55 96
36 52
17  8
 6 46
31 48
 3 94
24 32
60 38
98 24
76 68
23  6
31  6
66 58
72 42
61 34
65 24
54 42
59 14
88 86
80  4
91 66
27 74
23 80
 2 98
57 56
13 88
93 34
20 48
59 96
76 64
17 40
83 44
32 26
39  4
81 56
32 36
31 100
74 80
 1 83
84 18
53 94
38 60
 2 28
25 84
92 84
52 30
 3  0
48 60
23 58
73 24
53 64
49 86
63 32
74 46
71 34
 9 86
 4 36
33 82
87 46
96 98
40 98
42 54
41 38
91 80
14 24
42 60
13 60
84 76
30  6
70 26
99 56
58 70
17 58
 4 86
20 60
 6 82
42 32
58 18
34 18
73 50
42 86
70 100
97 18
62 88
41 64
31 66
62 50
78 74
15 42
16 68
49 10
62  0
40 80
66 90
 4 10
41 44
74 50
98 26
64 74
54 88
82 26
87  2
50 42
60  6
99 60
61 10
76 48
76 74
34 44
25 32
 1 84
82 50
80 60
22 86
75 78
33 70
77 98
57 52
30  4
71 80
44 76
16 46
37  2
94  0
49 76
46 58
17  2
56 60
52 18
43 22
25 40
56  6
27 42
30 88
 4 84
19 76
58 40
80 26
36 38
61  4
13 24
12 44
92 50
86 38
35 22
50  6
13 52
86 48
90 20
38 16
56 76
74 10
21 70
76 16
38 64
51 48
23 72
67 68
 9 76
 1 75
37 16
70 46
71 48
43 96
74 68
83 22
49 88
10 90
36 100
69 70
57 84
53 90
53 88
20 28
11 60
30 84
89 82
66 50
48 72
84 88
12 100
25 96
 8 94
84  6
47 46
 6 42
98 42
 1 16
77  8
24 80
44 40
54  4
69  0
 1 15
31 18
73 18
12 92
 1 66
20 80
91 22
36 42
58 26
68 96
42 88
55 78
30 26
57 92
32 14
39 38
20 44
69 50
89 22
19 80
83  0
60 96
12 52
82 10
94 32
36 50
26 66
27 48
 6 30
39 24
52 56
73  0
90 12
 1 42
30 100
20 30
61 80
31 14
56 46
36 48
90 90
39 22
70 34
54 72
21 78
 1 76
95 14
56 72
 2  2
87 50
34 54
37 52
 1 26
58 50
21 98
80 38
41 98
46 54
31 88
28 80
90 84
15 36
51 12
54 32
43 38
20 58
76 52
82 20
87 28
92 78
86 46
13 22
 9 36
20 36
54 76
94 98
50 62
52 88
91 32
29 100
20 12
75 64
80 40
86 96
 7 84
84 38
12 80
50 46
55 16
68 58
17 52
 5 38
58 88
21 24
58 10
53 68
54 16
93 54
76 70
87 54
85  2
43 86
36 62
13 50
93 100
 9 42
43 82
29 26
57 94
39 20
33 42
42 14
48 26
 9  2
 5  6
42 42
74 32
52 10
76 98
72 64
45 34
 7 56
 6 80
76 76
44 72
 9 34
54 78
22  6
53 72
22 16
43 42
36 60
91 52
 1 98
91 74
71 90
 2 16
16 54
88 60
80 80
77 78
33  2
75  8
34 94
95 100
 6 48
72 34
84 24
19 34
98 16
13 18
29 98
50 28
31 68
95 68
48 78
74 78
51 36
63 40
31 26
40 52
92 100
89 98
 7 62
80 64
54 44
46 62
33 86
79 14
82 40
51 32
26  4
14 72
65 20
77 22
98  6
26 100
39 80
18 40
65 98
53 92
23 46
55 48
48 16
 9 60
10  8
75 92
95 98
 4 100
72 52
40 42
23 52
23  8
30 42
27  4
 8 64
11 38
 7 92
63 14
27  6
18 78
67 84
 6 68
52  2
96 14
48 38
51 24
86 62
26 58
48 58
56 50
99 90
18  0
13 100
 2 64
14 78
93 50
86 40
41 86
99 84
73 12
46 50
14 76
74 74
56 30
 2  6
87 62
92 66
77 68
85 84
84 42
91  4
11  8
72 38
77 20
79 80
39 46
13 56
72 100
33 100
51 90
72 60
 7 26
40 58
96 20
82 78
53 58
34 66
30 32
50 58
33 30
22 98
60 20
 1 12
38  4
40 36
12 10
66 30
 8 30
61 78
37 46
57 80
21  8
30 90
 7 18
15 18
25 70
51 34
29 74
63 34
31 52
55 58
35 100
16 14
 2 26
 2  4
 2 96
64 64
29 28
93  4
98 94
97 52
67 58
14 54
22 100
14 98
64 56
12 12
91 26
45 88
 4 82
 8 74
49 50
56 54
36  4
76 90
64 80
34 74
47 26
 2 56
68 18
45 68
22 80
 1  0
76 58
66 16
 2 92
39 36
16 32
97 34
13 32
66 96
83 94
46 26
39 18
96  6
92 88
15 88
91 72
91  6
70 22
22 74
13 42
72 44
19 30
80 96
77 38
19 90
55 86
15 32
68 16
71  0
62 64
51 76
99 72
35 68
76 18
 1 58
 4 80
45 52
20 40
51 84
25 12
26 36
18 66
23 68
70 86
11  2
48 80
10 68
17 88
78 86
37 32
88 14
86 26
33 44
79 16
70 28
56 20
22 52
30  8
60  2
34  4
10 16
50  2
43 94
68 36
12 56
 2 74
14  8
25 22
97 72
22 90
78 20
54 18
 2 34
 2 18
21 38
88 58
82 18
93 18
54 86
53 30
25 66
93 20
58 86
92 98
38 56
61 52
76 42
53 32
66 34
40  6
38 18
76 100
26 60
60 40
77 80
19 68
57 72
23 74
40 62
59  6
33 58
49 80
31  8
82 56
47 34
35 16
40 40
51 60
64 16
52 92
17 12
89 76
20 64
31 98
57 64
85 54
19 98
69 16
91 84
87 18
90 100
54 10
59 52
39 14
95 92
 6 50
22 60
73 48
52 96
 2 62
27 72
99 77
29 54
82 82
69 58
63 98
81 26
80 36
 1 79
95 70
23 38
73 38
93 16
33 94
28 50
87 88
74 62
86 74
26  6
45 20
 5 90
71 58
26 42
68 64
73 96
 8 66
74 52
63 70
57 96
76 14
11 20
59 24
62 22
87 68
21 30
91 96
23  4
68 46
66 10
94  2
47 16
75 54
25 60
15 16
71 24
39 12
87 44
87  0
51 72
53 62
74 24
97 96
64 28
26 34
82 98
35 70
88 64
14 58
46  0
80 86
45 78
89 28
68  2
22 56
40 30
28 76
 9 26
42  6
70 94
39 72
51 62
24 12
98 86
64 40
82 28
13 74
17 100
43 48
75 14
47 72
 5 50
92 46
92 24
59 76
40 20
83 10
39 28
57 46
78 28
78 90
72 62
82 42
34 12
71 14
 4 14
55 10
28 74
36 74
 7  8
96 24
45 14
71 74
74 100
61 44
82 100
17 92
61 16
58 74
73 88
67 34
96 64
31 46
46 100
63 100
67 92
73 62
94 42
74 94
75 50
20 18
73 22
29  6
85  8
35 60
 4 34
33 52
57 70
94 70
43 80
67 100
57 54
94 38
39 64
12 20
42  4
84 82
56 14
18 72
94 92
83 96
42 70
78 58
45 100
79 18
23 66
97 44
60 26
45 86
44 22
38 50
29 10
33 48
31 38
65 46
79 40
26 70
88 56
45 66
80 24
15 72
24 54
42 82
24 40
61 18
 1 94
33 74
50 14
90 38
32 78
12 94
51 16
83 98
83 46
23 30
79 12
96 46
90 52
61 22
62 74
98 34
89 10
49 20
30 94
25 88
26 20
18 24
62 70
34 80
60 48
94 100
22 76
60 50
44 60
92 86
38 58
35 54
95 50
20 92
86 42
18 44
46 32
29 14
62 14
16 10
34 76
22 30
50 18
16 30
11 42
75 44
25 78
85  0
41 70
24 44
40  4
33 18
83 28
23 14
39 94
16 92
37 80
98 46
42 38
86 64
92 34
10 12
50 22
11 28
54 34
72 66
 9 96
66  4
88 52
69 62
34  8
81 36
99 81
 7 28
 4 30
32 50
52 36
78 66
 9 18
86 30
35 62
79 26
84 70
42 66
95 54
89 16
43  0
78 72
54 60
43  2
75 98
34 28
72 12
83 36
78 54
20 22
91 42
97 66
25 90
13 34
42 98
49 82
37 58
99 74
62 46
62 58
41 96
59  2
 7 10
 3 30
20 24
37 70
100 100 0  0