13
 4  4
 8  8
11  1
11 10
 4  6
10  8
11 12
 4  0
 5 10
 5  6
 6  6
10  6
 2  4
 9 10
 5  8
 9  2
10  4
 5  4
 9  0
 1 11
 4 12
 6  8
 8 10
11  5
 8  0
 3  6
 5 12
 9  4
 2  6
 9  8
11  9
 8 12
 1  3
 6  0
 1  6
 2 10
 5  2
 6  4
 7 10
11  0
 2  8
 7  4
 2  0
 1 10
 3  8
 8  2
 7  8
 7  2
 1  4
 9  6
 3 10
 1  2
 4  8
 1  8
11  6
 1 12
 8  6
 4 10
10 10
 1  0
 7  6
 5  0
 6 12
 4  2
11  8
11  4
 9 12
 7  0
 7 12
 6  2
10  2
 2 12
 8  4
 3  0
 3  2
 3 12
10 12
 2  2
 6 10
11  2
 3  4
 1  7
10  0
12 12 0  0