98
 0  0
 0  1
 0  2
 0  3
 0  4
 0  5
 0  6
 0  7
 0  8
 0  9
 0 10
 0 11
 0 12
 0 13
 0 14
 0 15
 0 16
 0 17
 0 18
 0 19
 0 20
 0 21
 0 22
 0 23
 0 24
 0 25
 0 26
 0 27
 0 28
 0 29
 0 30
 0 31
 0 32
 0 33
 0 34
 0 35
 0 36
 0 37
 0 38
 0 39
 0 40
 0 46
 0 49
 0 50
 0 51
 0 52
 0 53
 0 54
 0 55
 0 56
 0 57
 0 58
 0 59
 0 60
 0 61
 0 62
 0 63
 0 64
 0 65
 0 66
 0 67
 0 68
 0 69
 0 70
 0 71
 0 72
 0 73
 0 74
 0 75
 0 76
 0 77
 0 78
 0 79
 0 80
 0 81
 0 82
 0 83
 0 84
 0 85
 0 86
 0 87
 0 88
 0 89
 0 90
 0 91
 0 92
 0 93
 0 94
 0 95
 0 96
 0 97
 1  0
 1  1
 1  2
 1  3
 1  4
 1  5
 1  6
 1  7
 1  8
 1  9
 1 10
 1 11
 1 12
 1 13
 1 14
 1 15
 1 16
 1 17
 1 18
 1 19
 1 20
 1 21
 1 22
 1 23
 1 24
 1 25
 1 26
 1 27
 1 28
 1 29
 1 30
 1 31
 1 32
 1 33
 1 34
 1 52
 1 53
 1 54
 1 55
 1 56
 1 57
 1 58
 1 59
 1 60
 1 61
 1 62
 1 63
 1 64
 1 65
 1 66
 1 67
 1 68
 1 69
 1 70
 1 71
 1 72
 1 73
 1 74
 1 75
 1 76
 1 77
 1 78
 1 79
 1 80
 1 81
 1 82
 1 83
 1 84
 1 85
 1 86
 1 87
 1 88
 1 89
 1 90
 1 91
 1 92
 1 93
 1 94
 1 95
 1 96
 1 97
 2  0
 2  1
 2  2
 2  3
 2  4
 2  5
 2  6
 2  7
 2  8
 2  9
 2 10
 2 11
 2 12
 2 13
 2 14
 2 15
 2 16
 2 17
 2 18
 2 19
 2 20
 2 21
 2 22
 2 23
 2 24
 2 25
 2 26
 2 27
 2 28
 2 29
 2 30
 2 31
 2 32
 2 60
 2 61
 2 62
 2 63
 2 64
 2 65
 2 66
 2 67
 2 68
 2 69
 2 70
 2 71
 2 72
 2 73
 2 74
 2 75
 2 76
 2 77
 2 78
 2 79
 2 80
 2 81
 2 82
 2 83
 2 84
 2 85
 2 86
 2 87
 2 88
 2 89
 2 90
 2 91
 2 92
 2 93
 2 94
 2 95
 2 96
 2 97
 3  0
 3  1
 3  2
 3  3
 3  4
 3  5
 3  6
 3  7
 3  8
 3  9
 3 10
 3 11
 3 12
 3 13
 3 14
 3 15
 3 16
 3 17
 3 18
 3 19
 3 20
 3 21
 3 22
 3 23
 3 24
 3 25
 3 26
 3 27
 3 28
 3 29
 3 30
 3 67
 3 68
 3 69
 3 70
 3 71
 3 72
 3 73
 3 74
 3 75
 3 76
 3 77
 3 78
 3 79
 3 80
 3 81
 3 82
 3 83
 3 84
 3 85
 3 86
 3 87
 3 88
 3 89
 3 90
 3 91
 3 92
 3 93
 3 94
 3 95
 3 96
 3 97
 4  0
 4  1
 4  2
 4  3
 4  4
 4  5
 4  6
 4  7
 4  8
 4  9
 4 10
 4 11
 4 12
 4 13
 4 14
 4 15
 4 16
 4 17
 4 18
 4 19
 4 20
 4 21
 4 22
 4 23
 4 24
 4 25
 4 26
 4 27
 4 28
 4 29
 4 73
 4 74
 4 75
 4 76
 4 77
 4 78
 4 79
 4 80
 4 81
 4 82
 4 83
 4 84
 4 85
 4 86
 4 87
 4 88
 4 89
 4 90
 4 91
 4 92
 4 93
 4 94
 4 95
 4 96
 4 97
 5  0
 5  1
 5  2
 5  3
 5  4
 5  5
 5  6
 5  7
 5  8
 5  9
 5 10
 5 11
 5 12
 5 13
 5 14
 5 15
 5 16
 5 17
 5 18
 5 19
 5 20
 5 21
 5 22
 5 23
 5 24
 5 25
 5 26
 5 27
 5 28
 5 74
 5 75
 5 76
 5 77
 5 78
 5 79
 5 80
 5 81
 5 82
 5 83
 5 84
 5 85
 5 86
 5 87
 5 88
 5 89
 5 90
 5 91
 5 92
 5 93
 5 94
 5 95
 5 96
 5 97
 6  0
 6  1
 6  2
 6  3
 6  4
 6  5
 6  6
 6  7
 6  8
 6  9
 6 10
 6 11
 6 12
 6 13
 6 14
 6 15
 6 16
 6 17
 6 18
 6 19
 6 20
 6 21
 6 22
 6 23
 6 24
 6 25
 6 26
 6 27
 6 75
 6 76
 6 77
 6 78
 6 79
 6 80
 6 81
 6 82
 6 83
 6 84
 6 85
 6 86
 6 87
 6 88
 6 89
 6 90
 6 91
 6 92
 6 93
 6 94
 6 95
 6 96
 6 97
 7  0
 7  1
 7  2
 7  3
 7  4
 7  5
 7  6
 7  7
 7  8
 7  9
 7 10
 7 11
 7 12
 7 13
 7 14
 7 15
 7 16
 7 17
 7 18
 7 19
 7 20
 7 21
 7 22
 7 23
 7 24
 7 25
 7 26
 7 76
 7 77
 7 78
 7 79
 7 80
 7 81
 7 82
 7 83
 7 84
 7 85
 7 86
 7 87
 7 88
 7 89
 7 90
 7 91
 7 92
 7 93
 7 94
 7 95
 7 96
 7 97
 8  0
 8  1
 8  2
 8  3
 8  4
 8  5
 8  6
 8  7
 8  8
 8  9
 8 10
 8 11
 8 12
 8 13
 8 14
 8 15
 8 16
 8 17
 8 18
 8 19
 8 20
 8 21
 8 22
 8 23
 8 24
 8 25
 8 76
 8 77
 8 78
 8 79
 8 80
 8 81
 8 82
 8 83
 8 84
 8 85
 8 86
 8 87
 8 88
 8 89
 8 90
 8 91
 8 92
 8 93
 8 94
 8 95
 8 96
 8 97
 9  0
 9  1
 9  2
 9  3
 9  4
 9  5
 9  6
 9  7
 9  8
 9  9
 9 10
 9 11
 9 12
 9 13
 9 14
 9 15
 9 16
 9 17
 9 18
 9 19
 9 20
 9 21
 9 22
 9 23
 9 77
 9 78
 9 79
 9 80
 9 81
 9 82
 9 83
 9 84
 9 85
 9 86
 9 87
 9 88
 9 89
 9 90
 9 91
 9 92
 9 93
 9 94
 9 95
 9 96
 9 97
10  0
10  1
10  2
10  3
10  4
10  5
10  6
10  7
10  8
10  9
10 10
10 11
10 12
10 13
10 14
10 15
10 16
10 17
10 18
10 19
10 20
10 21
10 22
10 78
10 79
10 80
10 81
10 82
10 83
10 84
10 85
10 86
10 87
10 88
10 89
10 90
10 91
10 92
10 93
10 94
10 95
10 96
10 97
11  0
11  1
11  2
11  3
11  4
11  5
11  6
11  7
11  8
11  9
11 10
11 11
11 12
11 13
11 14
11 15
11 16
11 17
11 18
11 19
11 20
11 21
11 78
11 79
11 80
11 81
11 82
11 83
11 84
11 85
11 86
11 87
11 88
11 89
11 90
11 91
11 92
11 93
11 94
11 95
11 96
11 97
12  0
12  1
12  2
12  3
12  4
12  5
12  6
12  7
12  8
12  9
12 10
12 11
12 12
12 13
12 14
12 15
12 16
12 17
12 18
12 19
12 20
12 79
12 80
12 81
12 82
12 83
12 84
12 85
12 86
12 87
12 88
12 89
12 90
12 91
12 92
12 93
12 94
12 95
12 96
12 97
13  0
13  1
13  2
13  3
13  4
13  5
13  6
13  7
13  8
13  9
13 10
13 11
13 12
13 13
13 14
13 15
13 16
13 17
13 18
13 19
13 20
13 80
13 81
13 82
13 83
13 84
13 85
13 86
13 87
13 88
13 89
13 90
13 91
13 92
13 93
13 94
13 95
13 96
13 97
14  0
14  1
14  2
14  3
14  4
14  5
14  6
14  7
14  8
14  9
14 10
14 11
14 12
14 13
14 14
14 15
14 16
14 17
14 18
14 19
14 80
14 81
14 82
14 83
14 84
14 85
14 86
14 87
14 88
14 89
14 90
14 91
14 92
14 93
14 94
14 95
14 96
14 97
15  0
15  1
15  2
15  3
15  4
15  5
15  6
15  7
15  8
15  9
15 10
15 11
15 12
15 13
15 14
15 15
15 16
15 17
15 18
15 19
15 81
15 82
15 83
15 84
15 85
15 86
15 87
15 88
15 89
15 90
15 91
15 92
15 93
15 94
15 95
15 96
15 97
16  0
16  1
16  2
16  3
16  4
16  5
16  6
16  7
16  8
16  9
16 10
16 11
16 12
16 13
16 14
16 15
16 16
16 17
16 18
16 82
16 83
16 84
16 85
16 86
16 87
16 88
16 89
16 90
16 91
16 92
16 93
16 94
16 95
16 96
16 97
17  0
17  1
17  2
17  3
17  4
17  5
17  6
17  7
17  8
17  9
17 10
17 11
17 12
17 13
17 14
17 15
17 16
17 17
17 18
17 82
17 83
17 84
17 85
17 86
17 87
17 88
17 89
17 90
17 91
17 92
17 93
17 94
17 95
17 96
17 97
18  0
18  1
18  2
18  3
18  4
18  5
18  6
18  7
18  8
18  9
18 10
18 11
18 12
18 13
18 14
18 15
18 16
18 17
18 82
18 83
18 84
18 85
18 86
18 87
18 88
18 89
18 90
18 91
18 92
18 93
18 94
18 95
18 96
18 97
19  0
19  1
19  2
19  3
19  4
19  5
19  6
19  7
19  8
19  9
19 10
19 11
19 12
19 13
19 14
19 15
19 16
19 17
19 82
19 83
19 84
19 85
19 86
19 87
19 88
19 89
19 90
19 91
19 92
19 93
19 94
19 95
19 96
19 97
20  0
20  1
20  2
20  3
20  4
20  5
20  6
20  7
20  8
20  9
20 10
20 11
20 12
20 13
20 14
20 15
20 16
20 17
20 83
20 84
20 85
20 86
20 87
20 88
20 89
20 90
20 91
20 92
20 93
20 94
20 95
20 96
20 97
21  0
21  1
21  2
21  3
21  4
21  5
21  6
21  7
21  8
21  9
21 10
21 11
21 12
21 13
21 14
21 15
21 16
21 17
21 83
21 84
21 85
21 86
21 87
21 88
21 89
21 90
21 91
21 92
21 93
21 94
21 95
21 96
21 97
22  0
22  1
22  2
22  3
22  4
22  5
22  6
22  7
22  8
22  9
22 10
22 11
22 12
22 13
22 14
22 15
22 16
22 83
22 84
22 85
22 86
22 87
22 88
22 89
22 90
22 91
22 92
22 93
22 94
22 95
22 96
22 97
23  0
23  1
23  2
23  3
23  4
23  5
23  6
23  7
23  8
23  9
23 10
23 11
23 12
23 13
23 14
23 15
23 16
23 83
23 84
23 85
23 86
23 87
23 88
23 89
23 90
23 91
23 92
23 93
23 94
23 95
23 96
23 97
24  0
24  1
24  2
24  3
24  4
24  5
24  6
24  7
24  8
24  9
24 10
24 11
24 12
24 13
24 14
24 15
24 16
24 83
24 84
24 85
24 86
24 87
24 88
24 89
24 90
24 91
24 92
24 93
24 94
24 95
24 96
24 97
25  0
25  1
25  2
25  3
25  4
25  5
25  6
25  7
25  8
25  9
25 10
25 11
25 12
25 13
25 14
25 15
25 16
25 84
25 85
25 86
25 87
25 88
25 89
25 90
25 91
25 92
25 93
25 94
25 95
25 96
25 97
26  0
26  1
26  2
26  3
26  4
26  5
26  6
26  7
26  8
26  9
26 10
26 11
26 12
26 13
26 14
26 15
26 16
26 84
26 85
26 86
26 87
26 88
26 89
26 90
26 91
26 92
26 93
26 94
26 95
26 96
26 97
27  0
27  1
27  2
27  3
27  4
27  5
27  6
27  7
27  8
27  9
27 10
27 11
27 12
27 13
27 14
27 15
27 16
27 85
27 86
27 87
27 88
27 89
27 90
27 91
27 92
27 93
27 94
27 95
27 96
27 97
28  0
28  1
28  2
28  3
28  4
28  5
28  6
28  7
28  8
28  9
28 10
28 11
28 12
28 13
28 14
28 15
28 16
28 85
28 86
28 87
28 88
28 89
28 90
28 91
28 92
28 93
28 94
28 95
28 96
28 97
29  0
29  1
29  2
29  3
29  4
29  5
29  6
29  7
29  8
29  9
29 10
29 11
29 12
29 13
29 14
29 15
29 16
29 85
29 86
29 87
29 88
29 89
29 90
29 91
29 92
29 93
29 94
29 95
29 96
29 97
30  0
30  1
30  2
30  3
30  4
30  5
30  6
30  7
30  8
30  9
30 10
30 11
30 12
30 13
30 14
30 15
30 16
30 64
30 65
30 85
30 86
30 87
30 88
30 89
30 90
30 91
30 92
30 93
30 94
30 95
30 96
30 97
31  0
31  1
31  2
31  3
31  4
31  5
31  6
31  7
31  8
31  9
31 10
31 11
31 12
31 13
31 14
31 15
31 52
31 63
31 64
31 65
31 66
31 85
31 86
31 87
31 88
31 89
31 90
31 91
31 92
31 93
31 94
31 95
31 96
31 97
32  0
32  1
32  2
32  3
32  4
32  5
32  6
32  7
32  8
32  9
32 10
32 11
32 12
32 13
32 14
32 15
32 51
32 52
32 54
32 62
32 63
32 64
32 65
32 66
32 85
32 86
32 87
32 88
32 89
32 90
32 91
32 92
32 93
32 94
32 95
32 96
32 97
33  0
33  1
33  2
33  3
33  4
33  5
33  6
33  7
33  8
33  9
33 10
33 11
33 12
33 13
33 14
33 15
33 50
33 51
33 52
33 53
33 61
33 62
33 63
33 64
33 65
33 66
33 85
33 86
33 87
33 88
33 89
33 90
33 91
33 92
33 93
33 94
33 95
33 96
33 97
34  0
34  1
34  2
34  3
34  4
34  5
34  6
34  7
34  8
34  9
34 10
34 11
34 12
34 13
34 14
34 15
34 38
34 39
34 40
34 41
34 42
34 43
34 50
34 51
34 52
34 53
34 61
34 62
34 63
34 64
34 65
34 66
34 67
34 68
34 85
34 86
34 87
34 88
34 89
34 90
34 91
34 92
34 93
34 94
34 95
34 96
34 97
35  0
35  1
35  2
35  3
35  4
35  5
35  6
35  7
35  8
35  9
35 10
35 11
35 12
35 13
35 14
35 15
35 38
35 39
35 40
35 41
35 42
35 43
35 44
35 49
35 50
35 51
35 52
35 53
35 54
35 60
35 61
35 62
35 63
35 64
35 65
35 66
35 67
35 68
35 84
35 85
35 86
35 87
35 88
35 89
35 90
35 91
35 92
35 93
35 94
35 95
35 96
35 97
36  0
36  1
36  2
36  3
36  4
36  5
36  6
36  7
36  8
36  9
36 10
36 11
36 12
36 13
36 14
36 15
36 16
36 38
36 39
36 40
36 41
36 42
36 43
36 44
36 45
36 46
36 48
36 49
36 50
36 51
36 52
36 53
36 54
36 55
36 56
36 58
36 59
36 60
36 61
36 62
36 63
36 64
36 65
36 66
36 67
36 68
36 69
36 84
36 85
36 86
36 87
36 88
36 89
36 90
36 91
36 92
36 93
36 94
36 95
36 96
36 97
37  0
37  1
37  2
37  3
37  4
37  5
37  6
37  7
37  8
37  9
37 10
37 11
37 12
37 13
37 14
37 15
37 16
37 38
37 39
37 40
37 41
37 42
37 43
37 44
37 45
37 46
37 47
37 48
37 49
37 50
37 51
37 52
37 53
37 54
37 55
37 56
37 57
37 58
37 59
37 60
37 61
37 62
37 63
37 64
37 65
37 66
37 67
37 68
37 69
37 84
37 85
37 86
37 87
37 88
37 89
37 90
37 91
37 92
37 93
37 94
37 95
37 96
37 97
38  0
38  1
38  2
38  3
38  4
38  5
38  6
38  7
38  8
38  9
38 10
38 11
38 12
38 13
38 14
38 15
38 17
38 38
38 39
38 40
38 41
38 42
38 43
38 44
38 45
38 46
38 47
38 48
38 49
38 50
38 51
38 52
38 53
38 54
38 55
38 56
38 57
38 58
38 59
38 60
38 61
38 62
38 63
38 64
38 65
38 66
38 67
38 68
38 69
38 84
38 85
38 86
38 87
38 88
38 89
38 90
38 91
38 92
38 93
38 94
38 95
38 96
38 97
39  0
39  1
39  2
39  3
39  4
39  5
39  6
39  7
39  8
39  9
39 10
39 11
39 12
39 13
39 14
39 15
39 17
39 39
39 40
39 41
39 42
39 43
39 44
39 45
39 46
39 47
39 48
39 49
39 50
39 51
39 52
39 53
39 54
39 55
39 56
39 57
39 58
39 59
39 60
39 61
39 62
39 63
39 64
39 65
39 66
39 67
39 68
39 69
39 70
39 83
39 84
39 85
39 86
39 87
39 88
39 89
39 90
39 91
39 92
39 93
39 94
39 95
39 96
39 97
40  0
40  1
40  2
40  3
40  4
40  5
40  6
40  7
40  8
40  9
40 10
40 11
40 12
40 13
40 14
40 15
40 16
40 17
40 41
40 42
40 43
40 44
40 45
40 46
40 47
40 48
40 49
40 50
40 51
40 52
40 53
40 54
40 55
40 56
40 57
40 58
40 59
40 60
40 61
40 62
40 63
40 64
40 65
40 66
40 67
40 68
40 69
40 70
40 83
40 84
40 85
40 86
40 87
40 88
40 89
40 90
40 91
40 92
40 93
40 94
40 95
40 96
40 97
41  0
41  1
41  2
41  3
41  4
41  5
41  6
41  7
41  8
41  9
41 10
41 11
41 12
41 13
41 14
41 15
41 16
41 49
41 50
41 51
41 52
41 53
41 54
41 55
41 56
41 57
41 58
41 59
41 60
41 61
41 62
41 63
41 64
41 65
41 66
41 67
41 68
41 69
41 70
41 71
41 83
41 84
41 85
41 86
41 87
41 88
41 89
41 90
41 91
41 92
41 93
41 94
41 95
41 96
41 97
42  0
42  1
42  2
42  3
42  4
42  5
42  6
42  7
42  8
42  9
42 10
42 11
42 12
42 13
42 14
42 15
42 16
42 51
42 52
42 53
42 54
42 55
42 56
42 57
42 58
42 59
42 60
42 61
42 62
42 63
42 64
42 65
42 66
42 67
42 68
42 69
42 70
42 71
42 72
42 83
42 84
42 85
42 86
42 87
42 88
42 89
42 90
42 91
42 92
42 93
42 94
42 95
42 96
42 97
43  0
43  1
43  2
43  3
43  4
43  5
43  6
43  7
43  8
43  9
43 10
43 11
43 12
43 13
43 14
43 15
43 16
43 51
43 52
43 53
43 54
43 55
43 56
43 57
43 58
43 59
43 60
43 61
43 68
43 69
43 70
43 71
43 72
43 82
43 83
43 84
43 85
43 86
43 87
43 88
43 89
43 90
43 91
43 92
43 93
43 94
43 95
43 96
43 97
44  0
44  1
44  2
44  3
44  4
44  5
44  6
44  7
44  8
44  9
44 10
44 11
44 12
44 13
44 14
44 15
44 16
44 51
44 52
44 53
44 54
44 55
44 56
44 57
44 58
44 59
44 60
44 61
44 72
44 73
44 82
44 83
44 84
44 85
44 86
44 87
44 88
44 89
44 90
44 91
44 92
44 93
44 94
44 95
44 96
44 97
45  0
45  1
45  2
45  3
45  4
45  5
45  6
45  7
45  8
45  9
45 10
45 11
45 12
45 13
45 14
45 15
45 39
45 43
45 44
45 45
45 46
45 52
45 53
45 54
45 55
45 56
45 57
45 58
45 59
45 60
45 61
45 82
45 83
45 84
45 85
45 86
45 87
45 88
45 89
45 90
45 91
45 92
45 93
45 94
45 95
45 96
45 97
46  0
46  1
46  2
46  3
46  4
46  5
46  6
46  7
46  8
46  9
46 10
46 11
46 12
46 13
46 14
46 15
46 38
46 47
46 48
46 53
46 54
46 55
46 56
46 57
46 58
46 59
46 60
46 82
46 83
46 84
46 85
46 86
46 87
46 88
46 89
46 90
46 91
46 92
46 93
46 94
46 95
46 96
46 97
47  0
47  1
47  2
47  3
47  4
47  5
47  6
47  7
47  8
47  9
47 10
47 11
47 12
47 13
47 14
47 15
47 36
47 37
47 47
47 48
47 54
47 55
47 56
47 57
47 58
47 59
47 62
47 63
47 64
47 65
47 66
47 67
47 81
47 82
47 83
47 84
47 85
47 86
47 87
47 88
47 89
47 90
47 91
47 92
47 93
47 94
47 95
47 96
47 97
48  0
48  1
48  2
48  3
48  4
48  5
48  6
48  7
48  8
48  9
48 10
48 11
48 12
48 13
48 14
48 15
48 17
48 36
48 44
48 46
48 49
48 54
48 55
48 56
48 57
48 58
48 60
48 66
48 67
48 68
48 71
48 81
48 82
48 83
48 84
48 85
48 86
48 87
48 88
48 89
48 90
48 91
48 92
48 93
48 94
48 95
48 96
48 97
49  0
49  1
49  2
49  3
49  4
49  5
49  6
49  7
49  8
49  9
49 10
49 11
49 12
49 13
49 14
49 16
49 17
49 34
49 35
49 36
49 46
49 47
49 49
49 54
49 55
49 56
49 57
49 58
49 59
49 60
49 64
49 68
49 69
49 70
49 71
49 72
49 73
49 81
49 82
49 83
49 84
49 85
49 86
49 87
49 88
49 89
49 90
49 91
49 92
49 93
49 94
49 95
49 96
49 97
50  0
50  1
50  2
50  3
50  4
50  5
50  6
50  7
50  8
50  9
50 10
50 11
50 12
50 13
50 14
50 16
50 34
50 35
50 36
50 41
50 45
50 46
50 47
50 48
50 54
50 55
50 56
50 57
50 58
50 59
50 61
50 67
50 70
50 71
50 72
50 73
50 80
50 81
50 82
50 83
50 84
50 85
50 86
50 87
50 88
50 89
50 90
50 91
50 92
50 93
50 94
50 95
50 96
50 97
51  0
51  1
51  2
51  3
51  4
51  5
51  6
51  7
51  8
51  9
51 10
51 11
51 12
51 13
51 14
51 16
51 33
51 34
51 35
51 36
51 40
51 41
51 42
51 43
51 44
51 45
51 46
51 47
51 48
51 54
51 55
51 56
51 57
51 58
51 59
51 60
51 61
51 66
51 67
51 70
51 71
51 72
51 73
51 74
51 80
51 81
51 82
51 83
51 84
51 85
51 86
51 87
51 88
51 89
51 90
51 91
51 92
51 93
51 94
51 95
51 96
51 97
52  0
52  1
52  2
52  3
52  4
52  5
52  6
52  7
52  8
52  9
52 10
52 11
52 12
52 13
52 14
52 16
52 31
52 34
52 35
52 36
52 37
52 40
52 41
52 42
52 44
52 45
52 46
52 47
52 55
52 56
52 57
52 58
52 59
52 60
52 61
52 62
52 63
52 65
52 66
52 67
52 68
52 70
52 71
52 72
52 73
52 74
52 80
52 81
52 82
52 83
52 84
52 85
52 86
52 87
52 88
52 89
52 90
52 91
52 92
52 93
52 94
52 95
52 96
52 97
53  0
53  1
53  2
53  3
53  4
53  5
53  6
53  7
53  8
53  9
53 10
53 11
53 12
53 13
53 14
53 16
53 18
53 27
53 28
53 29
53 30
53 31
53 32
53 33
53 34
53 35
53 36
53 37
53 38
53 39
53 41
53 42
53 43
53 44
53 45
53 46
53 55
53 56
53 57
53 58
53 59
53 60
53 61
53 62
53 63
53 64
53 65
53 66
53 67
53 68
53 69
53 70
53 71
53 72
53 73
53 74
53 79
53 80
53 81
53 82
53 83
53 84
53 85
53 86
53 87
53 88
53 89
53 90
53 91
53 92
53 93
53 94
53 95
53 96
53 97
54  0
54  1
54  2
54  3
54  4
54  5
54  6
54  7
54  8
54  9
54 10
54 11
54 12
54 13
54 14
54 16
54 18
54 23
54 24
54 26
54 27
54 28
54 29
54 30
54 31
54 32
54 33
54 34
54 35
54 36
54 37
54 38
54 39
54 40
54 41
54 42
54 43
54 44
54 45
54 46
54 55
54 56
54 57
54 58
54 59
54 60
54 61
54 62
54 63
54 64
54 65
54 66
54 67
54 68
54 69
54 70
54 71
54 72
54 73
54 74
54 78
54 79
54 80
54 81
54 82
54 83
54 84
54 85
54 86
54 87
54 88
54 89
54 90
54 91
54 92
54 93
54 94
54 95
54 96
54 97
55  0
55  1
55  2
55  3
55  4
55  5
55  6
55  7
55  8
55  9
55 10
55 11
55 12
55 13
55 14
55 16
55 17
55 18
55 23
55 24
55 25
55 26
55 27
55 28
55 29
55 30
55 31
55 32
55 33
55 34
55 35
55 36
55 37
55 38
55 39
55 40
55 41
55 42
55 43
55 44
55 45
55 46
55 55
55 56
55 57
55 58
55 59
55 60
55 61
55 62
55 63
55 64
55 65
55 66
55 67
55 68
55 69
55 70
55 71
55 72
55 73
55 74
55 77
55 78
55 79
55 80
55 81
55 82
55 83
55 84
55 85
55 86
55 87
55 88
55 89
55 90
55 91
55 92
55 93
55 94
55 95
55 96
55 97
56  0
56  1
56  2
56  3
56  4
56  5
56  6
56  7
56  8
56  9
56 10
56 11
56 12
56 13
56 14
56 16
56 17
56 18
56 23
56 24
56 25
56 26
56 27
56 28
56 29
56 30
56 31
56 32
56 33
56 34
56 35
56 36
56 37
56 38
56 39
56 40
56 41
56 42
56 43
56 44
56 45
56 47
56 55
56 56
56 57
56 58
56 59
56 60
56 61
56 62
56 63
56 64
56 65
56 66
56 67
56 68
56 69
56 70
56 71
56 72
56 73
56 74
56 76
56 77
56 78
56 79
56 80
56 81
56 82
56 83
56 84
56 85
56 86
56 87
56 88
56 89
56 90
56 91
56 92
56 93
56 94
56 95
56 96
56 97
57  0
57  1
57  2
57  3
57  4
57  5
57  6
57  7
57  8
57  9
57 10
57 11
57 12
57 13
57 14
57 16
57 17
57 18
57 22
57 24
57 25
57 26
57 27
57 29
57 30
57 31
57 32
57 33
57 34
57 35
57 36
57 37
57 38
57 39
57 40
57 41
57 42
57 43
57 44
57 45
57 46
57 47
57 54
57 55
57 56
57 57
57 58
57 59
57 60
57 61
57 62
57 63
57 64
57 65
57 66
57 67
57 68
57 69
57 70
57 71
57 72
57 73
57 74
57 76
57 77
57 78
57 79
57 80
57 81
57 82
57 83
57 84
57 85
57 86
57 87
57 88
57 89
57 90
57 91
57 92
57 93
57 94
57 95
57 96
57 97
58  0
58  1
58  2
58  3
58  4
58  5
58  6
58  7
58  8
58  9
58 10
58 11
58 12
58 13
58 14
58 16
58 17
58 18
58 22
58 24
58 25
58 26
58 27
58 29
58 30
58 31
58 32
58 33
58 34
58 35
58 36
58 37
58 38
58 39
58 40
58 41
58 42
58 43
58 44
58 45
58 46
58 47
58 54
58 55
58 56
58 57
58 58
58 59
58 60
58 61
58 62
58 63
58 64
58 65
58 66
58 67
58 68
58 69
58 70
58 71
58 72
58 73
58 74
58 76
58 77
58 78
58 79
58 80
58 81
58 82
58 83
58 84
58 85
58 86
58 87
58 88
58 89
58 90
58 91
58 92
58 93
58 94
58 95
58 96
58 97
59  0
59  1
59  2
59  3
59  4
59  5
59  6
59  7
59  8
59  9
59 10
59 11
59 12
59 13
59 14
59 16
59 17
59 18
59 22
59 24
59 25
59 26
59 27
59 29
59 30
59 31
59 32
59 33
59 34
59 35
59 36
59 37
59 38
59 39
59 40
59 41
59 42
59 43
59 44
59 45
59 46
59 47
59 54
59 55
59 56
59 57
59 58
59 59
59 60
59 61
59 62
59 63
59 64
59 65
59 66
59 67
59 68
59 69
59 70
59 71
59 72
59 73
59 74
59 76
59 77
59 78
59 79
59 80
59 81
59 82
59 83
59 84
59 85
59 86
59 87
59 88
59 89
59 90
59 91
59 92
59 93
59 94
59 95
59 96
59 97
60  0
60  1
60  2
60  3
60  4
60  5
60  6
60  7
60  8
60  9
60 10
60 11
60 12
60 13
60 14
60 15
60 17
60 18
60 22
60 24
60 25
60 26
60 27
60 29
60 30
60 31
60 32
60 33
60 34
60 35
60 36
60 37
60 38
60 39
60 40
60 41
60 42
60 43
60 44
60 45
60 46
60 47
60 53
60 54
60 55
60 56
60 57
60 58
60 59
60 60
60 61
60 62
60 63
60 64
60 65
60 66
60 67
60 68
60 69
60 70
60 71
60 72
60 73
60 74
60 76
60 77
60 78
60 79
60 80
60 81
60 82
60 83
60 84
60 85
60 86
60 87
60 88
60 89
60 90
60 91
60 92
60 93
60 94
60 95
60 96
60 97
61  0
61  1
61  2
61  3
61  4
61  5
61  6
61  7
61  8
61  9
61 10
61 11
61 12
61 13
61 14
61 15
61 16
61 18
61 22
61 24
61 25
61 26
61 27
61 28
61 29
61 30
61 31
61 32
61 33
61 34
61 35
61 36
61 37
61 38
61 39
61 40
61 41
61 42
61 43
61 44
61 45
61 46
61 47
61 53
61 54
61 55
61 56
61 57
61 58
61 59
61 60
61 61
61 62
61 63
61 64
61 65
61 66
61 67
61 68
61 69
61 70
61 71
61 72
61 73
61 76
61 77
61 78
61 79
61 80
61 81
61 82
61 83
61 84
61 85
61 86
61 87
61 88
61 89
61 90
61 91
61 92
61 93
61 94
61 95
61 96
61 97
62  0
62  1
62  2
62  3
62  4
62  5
62  6
62  7
62  8
62  9
62 10
62 11
62 12
62 13
62 14
62 15
62 16
62 17
62 20
62 24
62 25
62 26
62 27
62 28
62 29
62 30
62 34
62 35
62 36
62 37
62 38
62 39
62 40
62 41
62 42
62 43
62 44
62 45
62 46
62 53
62 54
62 55
62 56
62 57
62 58
62 59
62 60
62 61
62 62
62 63
62 64
62 65
62 66
62 67
62 68
62 69
62 70
62 71
62 72
62 73
62 75
62 76
62 77
62 78
62 79
62 80
62 81
62 82
62 83
62 84
62 85
62 86
62 87
62 88
62 89
62 90
62 91
62 92
62 93
62 94
62 95
62 96
62 97
63  0
63  1
63  2
63  3
63  4
63  5
63  6
63  7
63  8
63  9
63 10
63 11
63 12
63 13
63 14
63 15
63 16
63 17
63 19
63 20
63 25
63 26
63 27
63 28
63 29
63 30
63 31
63 34
63 35
63 36
63 37
63 38
63 39
63 40
63 41
63 42
63 43
63 44
63 45
63 53
63 54
63 55
63 56
63 57
63 58
63 59
63 60
63 61
63 62
63 63
63 64
63 65
63 66
63 67
63 68
63 69
63 70
63 71
63 72
63 73
63 75
63 76
63 77
63 78
63 79
63 80
63 81
63 82
63 83
63 84
63 85
63 86
63 87
63 88
63 89
63 90
63 91
63 92
63 93
63 94
63 95
63 96
63 97
64  0
64  1
64  2
64  3
64  4
64  5
64  6
64  7
64  8
64  9
64 10
64 11
64 12
64 13
64 14
64 15
64 16
64 17
64 19
64 20
64 21
64 25
64 26
64 27
64 28
64 29
64 30
64 34
64 35
64 36
64 37
64 38
64 39
64 40
64 41
64 42
64 43
64 44
64 45
64 54
64 55
64 56
64 57
64 58
64 59
64 60
64 61
64 62
64 63
64 64
64 65
64 66
64 67
64 68
64 69
64 70
64 71
64 72
64 73
64 75
64 76
64 77
64 78
64 79
64 80
64 81
64 82
64 83
64 84
64 85
64 86
64 87
64 88
64 89
64 90
64 91
64 92
64 93
64 94
64 95
64 96
64 97
65  0
65  1
65  2
65  3
65  4
65  5
65  6
65  7
65  8
65  9
65 10
65 11
65 12
65 13
65 14
65 15
65 16
65 17
65 19
65 20
65 25
65 26
65 27
65 28
65 29
65 30
65 32
65 33
65 34
65 35
65 36
65 37
65 38
65 39
65 40
65 41
65 42
65 43
65 44
65 45
65 55
65 56
65 57
65 58
65 59
65 60
65 61
65 62
65 63
65 64
65 65
65 66
65 67
65 68
65 69
65 70
65 71
65 72
65 73
65 75
65 76
65 77
65 78
65 79
65 80
65 81
65 82
65 83
65 84
65 85
65 86
65 87
65 88
65 89
65 90
65 91
65 92
65 93
65 94
65 95
65 96
65 97
66  0
66  1
66  2
66  3
66  4
66  5
66  6
66  7
66  8
66  9
66 10
66 11
66 12
66 13
66 14
66 15
66 16
66 17
66 18
66 20
66 21
66 25
66 26
66 27
66 28
66 29
66 30
66 33
66 34
66 35
66 36
66 37
66 38
66 39
66 40
66 41
66 42
66 43
66 44
66 45
66 46
66 55
66 56
66 57
66 58
66 60
66 61
66 62
66 63
66 64
66 65
66 66
66 67
66 68
66 69
66 70
66 71
66 72
66 73
66 75
66 76
66 77
66 78
66 79
66 80
66 81
66 82
66 83
66 84
66 85
66 86
66 87
66 88
66 89
66 90
66 91
66 92
66 93
66 94
66 95
66 96
66 97
67  0
67  1
67  2
67  3
67  4
67  5
67  6
67  7
67  8
67  9
67 10
67 11
67 12
67 13
67 14
67 15
67 16
67 17
67 18
67 20
67 21
67 22
67 25
67 26
67 27
67 28
67 29
67 30
67 33
67 34
67 35
67 36
67 37
67 38
67 39
67 40
67 41
67 42
67 43
67 44
67 45
67 46
67 57
67 58
67 59
67 60
67 61
67 62
67 63
67 64
67 65
67 66
67 67
67 68
67 69
67 70
67 71
67 72
67 73
67 75
67 76
67 77
67 78
67 79
67 80
67 81
67 82
67 83
67 84
67 85
67 86
67 87
67 88
67 89
67 90
67 91
67 92
67 93
67 94
67 95
67 96
67 97
68  0
68  1
68  2
68  3
68  4
68  5
68  6
68  7
68  8
68  9
68 10
68 11
68 12
68 13
68 14
68 15
68 16
68 17
68 18
68 20
68 21
68 25
68 26
68 27
68 28
68 29
68 30
68 33
68 34
68 36
68 37
68 38
68 39
68 40
68 41
68 42
68 43
68 44
68 45
68 46
68 47
68 53
68 54
68 55
68 56
68 57
68 58
68 59
68 60
68 61
68 62
68 63
68 64
68 65
68 66
68 67
68 68
68 69
68 70
68 71
68 72
68 73
68 75
68 76
68 77
68 78
68 79
68 80
68 81
68 82
68 83
68 84
68 85
68 86
68 87
68 88
68 89
68 90
68 91
68 92
68 93
68 94
68 95
68 96
68 97
69  0
69  1
69  2
69  3
69  4
69  5
69  6
69  7
69  8
69  9
69 10
69 11
69 12
69 13
69 14
69 15
69 16
69 17
69 18
69 20
69 25
69 26
69 27
69 28
69 29
69 30
69 31
69 32
69 33
69 34
69 36
69 37
69 39
69 40
69 41
69 42
69 43
69 45
69 46
69 48
69 52
69 53
69 54
69 55
69 56
69 57
69 58
69 59
69 60
69 61
69 62
69 63
69 64
69 65
69 66
69 67
69 68
69 69
69 70
69 71
69 72
69 73
69 75
69 76
69 77
69 78
69 79
69 80
69 81
69 82
69 83
69 84
69 85
69 86
69 87
69 88
69 89
69 90
69 91
69 92
69 93
69 94
69 95
69 96
69 97
70  0
70  1
70  2
70  3
70  4
70  5
70  6
70  7
70  8
70  9
70 10
70 11
70 12
70 13
70 14
70 15
70 16
70 17
70 18
70 19
70 23
70 25
70 26
70 27
70 28
70 29
70 32
70 33
70 34
70 36
70 38
70 39
70 40
70 41
70 44
70 45
70 46
70 47
70 48
70 49
70 50
70 51
70 52
70 53
70 54
70 55
70 56
70 57
70 58
70 59
70 60
70 61
70 62
70 63
70 64
70 65
70 66
70 67
70 68
70 69
70 70
70 71
70 72
70 73
70 75
70 76
70 77
70 78
70 79
70 80
70 81
70 82
70 83
70 84
70 85
70 86
70 87
70 88
70 89
70 90
70 91
70 92
70 93
70 94
70 95
70 96
70 97
71  0
71  1
71  2
71  3
71  4
71  5
71  6
71  7
71  8
71  9
71 10
71 11
71 12
71 13
71 14
71 15
71 16
71 17
71 18
71 19
71 20
71 21
71 22
71 23
71 25
71 26
71 27
71 28
71 29
71 32
71 33
71 34
71 36
71 38
71 39
71 40
71 45
71 46
71 47
71 48
71 49
71 50
71 51
71 52
71 53
71 54
71 55
71 56
71 57
71 58
71 59
71 60
71 61
71 62
71 63
71 64
71 65
71 66
71 67
71 68
71 69
71 70
71 71
71 72
71 74
71 75
71 76
71 77
71 78
71 79
71 80
71 81
71 82
71 83
71 84
71 85
71 86
71 87
71 88
71 89
71 90
71 91
71 92
71 93
71 94
71 95
71 96
71 97
72  0
72  1
72  2
72  3
72  4
72  5
72  6
72  7
72  8
72  9
72 10
72 11
72 12
72 13
72 14
72 15
72 16
72 17
72 18
72 19
72 20
72 21
72 22
72 23
72 25
72 26
72 27
72 28
72 29
72 32
72 33
72 34
72 36
72 37
72 38
72 39
72 40
72 41
72 45
72 46
72 47
72 48
72 49
72 50
72 51
72 52
72 53
72 54
72 55
72 56
72 57
72 58
72 59
72 60
72 61
72 62
72 63
72 64
72 65
72 66
72 67
72 68
72 69
72 70
72 71
72 72
72 74
72 75
72 76
72 77
72 78
72 79
72 80
72 81
72 82
72 83
72 84
72 85
72 86
72 87
72 88
72 89
72 90
72 91
72 92
72 93
72 94
72 95
72 96
72 97
73  0
73  1
73  2
73  3
73  4
73  5
73  6
73  7
73  8
73  9
73 10
73 11
73 12
73 13
73 14
73 15
73 16
73 17
73 18
73 19
73 20
73 21
73 22
73 23
73 26
73 27
73 28
73 29
73 32
73 33
73 34
73 36
73 37
73 38
73 39
73 40
73 41
73 50
73 51
73 52
73 53
73 54
73 55
73 56
73 57
73 58
73 59
73 60
73 61
73 62
73 63
73 65
73 66
73 67
73 68
73 69
73 70
73 71
73 72
73 74
73 75
73 76
73 77
73 78
73 79
73 80
73 81
73 82
73 83
73 84
73 85
73 86
73 87
73 88
73 89
73 90
73 91
73 92
73 93
73 94
73 95
73 96
73 97
74  0
74  1
74  2
74  3
74  4
74  5
74  6
74  7
74  8
74  9
74 10
74 11
74 12
74 13
74 14
74 15
74 16
74 17
74 18
74 19
74 20
74 21
74 22
74 23
74 24
74 26
74 27
74 28
74 32
74 33
74 34
74 36
74 37
74 38
74 39
74 40
74 41
74 42
74 46
74 48
74 49
74 54
74 55
74 60
74 61
74 64
74 65
74 66
74 67
74 68
74 69
74 70
74 71
74 72
74 74
74 75
74 76
74 77
74 78
74 79
74 80
74 81
74 82
74 83
74 84
74 85
74 86
74 87
74 88
74 89
74 90
74 91
74 92
74 93
74 94
74 95
74 96
74 97
75  0
75  1
75  2
75  3
75  4
75  5
75  6
75  7
75  8
75  9
75 10
75 11
75 12
75 13
75 14
75 15
75 16
75 17
75 18
75 19
75 20
75 21
75 22
75 23
75 24
75 26
75 27
75 28
75 29
75 32
75 33
75 34
75 37
75 38
75 39
75 40
75 41
75 42
75 43
75 46
75 47
75 48
75 49
75 50
75 51
75 52
75 53
75 56
75 57
75 58
75 59
75 63
75 64
75 65
75 66
75 67
75 68
75 69
75 70
75 71
75 73
75 74
75 75
75 76
75 77
75 78
75 79
75 80
75 81
75 82
75 83
75 84
75 85
75 86
75 87
75 88
75 89
75 90
75 91
75 92
75 93
75 94
75 95
75 96
75 97
76  0
76  1
76  2
76  3
76  4
76  5
76  6
76  7
76  8
76  9
76 10
76 11
76 12
76 13
76 14
76 15
76 16
76 17
76 18
76 19
76 20
76 21
76 22
76 23
76 24
76 27
76 28
76 32
76 33
76 34
76 37
76 38
76 39
76 40
76 41
76 42
76 43
76 44
76 46
76 48
76 49
76 50
76 51
76 52
76 53
76 54
76 55
76 56
76 57
76 58
76 59
76 62
76 63
76 64
76 65
76 66
76 67
76 68
76 69
76 70
76 71
76 73
76 74
76 75
76 76
76 77
76 78
76 79
76 80
76 81
76 82
76 83
76 84
76 85
76 86
76 87
76 88
76 89
76 90
76 91
76 92
76 93
76 94
76 95
76 96
76 97
77  0
77  1
77  2
77  3
77  4
77  5
77  6
77  7
77  8
77  9
77 10
77 11
77 12
77 13
77 14
77 15
77 16
77 17
77 18
77 19
77 20
77 21
77 22
77 23
77 24
77 25
77 27
77 28
77 33
77 34
77 35
77 37
77 38
77 39
77 40
77 41
77 42
77 43
77 46
77 47
77 50
77 51
77 52
77 53
77 54
77 55
77 56
77 57
77 58
77 59
77 61
77 62
77 63
77 64
77 65
77 66
77 67
77 68
77 69
77 70
77 72
77 73
77 74
77 75
77 76
77 77
77 78
77 79
77 80
77 81
77 82
77 83
77 84
77 85
77 86
77 87
77 88
77 89
77 90
77 91
77 92
77 93
77 94
77 95
77 96
77 97
78  0
78  1
78  2
78  3
78  4
78  5
78  6
78  7
78  8
78  9
78 10
78 11
78 12
78 13
78 14
78 15
78 16
78 17
78 18
78 19
78 20
78 21
78 22
78 23
78 24
78 25
78 27
78 28
78 29
78 33
78 34
78 35
78 38
78 39
78 40
78 41
78 42
78 43
78 44
78 47
78 48
78 49
78 50
78 51
78 52
78 54
78 55
78 56
78 57
78 58
78 60
78 61
78 62
78 63
78 64
78 65
78 66
78 67
78 68
78 69
78 70
78 72
78 73
78 74
78 75
78 76
78 77
78 78
78 79
78 80
78 81
78 82
78 83
78 84
78 85
78 86
78 87
78 88
78 89
78 90
78 91
78 92
78 93
78 94
78 95
78 96
78 97
79  0
79  1
79  2
79  3
79  4
79  5
79  6
79  7
79  8
79  9
79 10
79 11
79 12
79 13
79 14
79 15
79 16
79 17
79 18
79 19
79 20
79 21
79 22
79 23
79 24
79 25
79 27
79 28
79 29
79 33
79 34
79 35
79 38
79 39
79 41
79 42
79 43
79 44
79 45
79 46
79 49
79 50
79 51
79 52
79 53
79 54
79 55
79 56
79 57
79 60
79 61
79 62
79 63
79 64
79 65
79 66
79 67
79 68
79 69
79 71
79 72
79 73
79 74
79 75
79 76
79 77
79 78
79 79
79 80
79 81
79 82
79 83
79 84
79 85
79 86
79 87
79 88
79 89
79 90
79 91
79 92
79 93
79 94
79 95
79 96
79 97
80  0
80  1
80  2
80  3
80  4
80  5
80  6
80  7
80  8
80  9
80 10
80 11
80 12
80 13
80 14
80 15
80 16
80 17
80 18
80 19
80 20
80 21
80 22
80 23
80 24
80 25
80 28
80 29
80 30
80 34
80 35
80 39
80 41
80 42
80 43
80 44
80 45
80 46
80 47
80 48
80 58
80 59
80 60
80 61
80 62
80 63
80 64
80 65
80 66
80 67
80 68
80 69
80 71
80 72
80 73
80 74
80 75
80 76
80 77
80 78
80 79
80 80
80 81
80 82
80 83
80 84
80 85
80 86
80 87
80 88
80 89
80 90
80 91
80 92
80 93
80 94
80 95
80 96
80 97
81  0
81  1
81  2
81  3
81  4
81  5
81  6
81  7
81  8
81  9
81 10
81 11
81 12
81 13
81 14
81 15
81 16
81 17
81 18
81 19
81 20
81 21
81 22
81 23
81 24
81 29
81 30
81 31
81 34
81 35
81 39
81 40
81 42
81 43
81 44
81 45
81 46
81 47
81 48
81 49
81 50
81 51
81 52
81 53
81 54
81 55
81 56
81 57
81 58
81 59
81 60
81 61
81 62
81 63
81 64
81 65
81 66
81 67
81 68
81 70
81 71
81 72
81 73
81 74
81 75
81 76
81 77
81 78
81 79
81 80
81 81
81 82
81 83
81 84
81 85
81 86
81 87
81 88
81 89
81 90
81 91
81 92
81 93
81 94
81 95
81 96
81 97
82  0
82  1
82  2
82  3
82  4
82  5
82  6
82  7
82  8
82  9
82 10
82 11
82 12
82 13
82 14
82 15
82 16
82 17
82 18
82 19
82 20
82 21
82 22
82 23
82 26
82 30
82 31
82 32
82 34
82 35
82 36
82 40
82 43
82 44
82 45
82 46
82 47
82 48
82 49
82 50
82 51
82 52
82 53
82 54
82 55
82 56
82 57
82 58
82 59
82 60
82 61
82 62
82 63
82 64
82 65
82 66
82 67
82 68
82 70
82 71
82 72
82 73
82 74
82 75
82 76
82 77
82 78
82 79
82 80
82 81
82 82
82 83
82 84
82 85
82 86
82 87
82 88
82 89
82 90
82 91
82 92
82 93
82 94
82 95
82 96
82 97
83  0
83  1
83  2
83  3
83  4
83  5
83  6
83  7
83  8
83  9
83 10
83 11
83 12
83 13
83 14
83 15
83 16
83 17
83 18
83 19
83 20
83 21
83 22
83 23
83 25
83 26
83 31
83 32
83 35
83 36
83 40
83 41
83 44
83 45
83 46
83 47
83 48
83 49
83 50
83 51
83 52
83 53
83 54
83 55
83 56
83 57
83 58
83 59
83 60
83 61
83 62
83 63
83 64
83 65
83 66
83 67
83 69
83 70
83 71
83 72
83 73
83 74
83 75
83 76
83 77
83 78
83 79
83 80
83 81
83 82
83 83
83 84
83 85
83 86
83 87
83 88
83 89
83 90
83 91
83 92
83 93
83 94
83 95
83 96
83 97
84  0
84  1
84  2
84  3
84  4
84  5
84  6
84  7
84  8
84  9
84 10
84 11
84 12
84 13
84 14
84 15
84 16
84 17
84 18
84 19
84 20
84 21
84 22
84 25
84 26
84 31
84 32
84 36
84 40
84 41
84 42
84 43
84 44
84 45
84 46
84 47
84 48
84 49
84 50
84 51
84 52
84 53
84 54
84 55
84 56
84 57
84 58
84 59
84 60
84 61
84 62
84 63
84 64
84 65
84 66
84 68
84 69
84 70
84 71
84 72
84 73
84 74
84 75
84 76
84 77
84 78
84 79
84 80
84 81
84 82
84 83
84 84
84 85
84 86
84 87
84 88
84 89
84 90
84 91
84 92
84 93
84 94
84 95
84 96
84 97
85  0
85  1
85  2
85  3
85  4
85  5
85  6
85  7
85  8
85  9
85 10
85 11
85 12
85 13
85 14
85 15
85 16
85 17
85 18
85 19
85 20
85 21
85 25
85 26
85 32
85 33
85 36
85 41
85 42
85 43
85 44
85 45
85 46
85 47
85 48
85 49
85 50
85 51
85 52
85 53
85 54
85 55
85 56
85 57
85 58
85 59
85 60
85 61
85 62
85 63
85 64
85 65
85 68
85 69
85 70
85 71
85 72
85 73
85 74
85 75
85 76
85 77
85 78
85 79
85 80
85 81
85 82
85 83
85 84
85 85
85 86
85 87
85 88
85 89
85 90
85 91
85 92
85 93
85 94
85 95
85 96
85 97
86  0
86  1
86  2
86  3
86  4
86  5
86  6
86  7
86  8
86  9
86 10
86 11
86 12
86 13
86 14
86 15
86 16
86 17
86 18
86 19
86 20
86 21
86 25
86 26
86 32
86 33
86 42
86 43
86 44
86 45
86 46
86 47
86 48
86 49
86 50
86 51
86 52
86 53
86 54
86 55
86 56
86 57
86 58
86 59
86 60
86 61
86 62
86 63
86 64
86 67
86 68
86 69
86 70
86 71
86 72
86 73
86 74
86 75
86 76
86 77
86 78
86 79
86 80
86 81
86 82
86 83
86 84
86 85
86 86
86 87
86 88
86 89
86 90
86 91
86 92
86 93
86 94
86 95
86 96
86 97
87  0
87  1
87  2
87  3
87  4
87  5
87  6
87  7
87  8
87  9
87 10
87 11
87 12
87 13
87 14
87 15
87 16
87 17
87 18
87 19
87 20
87 21
87 25
87 26
87 33
87 42
87 43
87 44
87 45
87 46
87 47
87 48
87 49
87 50
87 51
87 52
87 53
87 54
87 55
87 56
87 57
87 58
87 59
87 60
87 61
87 62
87 63
87 66
87 67
87 68
87 69
87 70
87 71
87 72
87 73
87 74
87 75
87 76
87 77
87 78
87 79
87 80
87 81
87 82
87 83
87 84
87 85
87 86
87 87
87 88
87 89
87 90
87 91
87 92
87 93
87 94
87 95
87 96
87 97
88  0
88  1
88  2
88  3
88  4
88  5
88  6
88  7
88  8
88  9
88 10
88 11
88 12
88 13
88 14
88 15
88 16
88 17
88 18
88 19
88 20
88 21
88 25
88 26
88 43
88 44
88 45
88 46
88 47
88 48
88 49
88 50
88 51
88 52
88 53
88 54
88 55
88 56
88 57
88 58
88 59
88 60
88 61
88 62
88 65
88 66
88 67
88 68
88 69
88 70
88 71
88 72
88 73
88 74
88 75
88 76
88 77
88 78
88 79
88 80
88 81
88 82
88 83
88 84
88 85
88 86
88 87
88 88
88 89
88 90
88 91
88 92
88 93
88 94
88 95
88 96
88 97
89  0
89  1
89  2
89  3
89  4
89  5
89  6
89  7
89  8
89  9
89 10
89 11
89 12
89 13
89 14
89 15
89 16
89 17
89 18
89 19
89 20
89 23
89 26
89 27
89 44
89 45
89 46
89 47
89 48
89 49
89 50
89 51
89 52
89 53
89 54
89 55
89 56
89 57
89 58
89 59
89 60
89 61
89 64
89 65
89 66
89 67
89 68
89 69
89 70
89 71
89 72
89 73
89 74
89 75
89 76
89 77
89 78
89 79
89 80
89 81
89 82
89 83
89 84
89 85
89 86
89 87
89 88
89 89
89 90
89 91
89 92
89 93
89 94
89 95
89 96
89 97
90  0
90  1
90  2
90  3
90  4
90  5
90  6
90  7
90  8
90  9
90 10
90 11
90 12
90 13
90 14
90 15
90 16
90 17
90 18
90 19
90 21
90 27
90 45
90 46
90 47
90 48
90 49
90 50
90 51
90 52
90 53
90 54
90 55
90 56
90 57
90 58
90 59
90 60
90 65
90 66
90 67
90 68
90 69
90 70
90 71
90 72
90 73
90 74
90 75
90 76
90 77
90 78
90 79
90 80
90 81
90 82
90 83
90 84
90 85
90 86
90 87
90 88
90 89
90 90
90 91
90 92
90 93
90 94
90 95
90 96
90 97
91  0
91  1
91  2
91  3
91  4
91  5
91  6
91  7
91  8
91  9
91 10
91 11
91 12
91 13
91 14
91 15
91 16
91 17
91 18
91 19
91 21
91 24
91 46
91 47
91 48
91 49
91 50
91 51
91 52
91 53
91 54
91 55
91 56
91 57
91 58
91 59
91 62
91 63
91 64
91 66
91 67
91 68
91 69
91 70
91 71
91 72
91 73
91 74
91 75
91 76
91 77
91 78
91 79
91 80
91 81
91 82
91 83
91 84
91 85
91 86
91 87
91 88
91 89
91 90
91 91
91 92
91 93
91 94
91 95
91 96
91 97
92  0
92  1
92  2
92  3
92  4
92  5
92  6
92  7
92  8
92  9
92 10
92 11
92 12
92 13
92 14
92 15
92 16
92 17
92 18
92 19
92 22
92 47
92 48
92 49
92 50
92 51
92 52
92 53
92 54
92 55
92 56
92 57
92 58
92 61
92 62
92 63
92 64
92 66
92 67
92 68
92 69
92 70
92 71
92 72
92 73
92 74
92 75
92 76
92 77
92 78
92 79
92 80
92 81
92 82
92 83
92 84
92 85
92 86
92 87
92 88
92 89
92 90
92 91
92 92
92 93
92 94
92 95
92 96
92 97
93  0
93  1
93  2
93  3
93  4
93  5
93  6
93  7
93  8
93  9
93 10
93 11
93 12
93 13
93 14
93 15
93 16
93 17
93 18
93 19
93 23
93 49
93 50
93 51
93 52
93 53
93 54
93 55
93 56
93 57
93 60
93 61
93 62
93 63
93 67
93 68
93 69
93 70
93 71
93 72
93 73
93 74
93 75
93 76
93 77
93 78
93 79
93 80
93 81
93 82
93 83
93 84
93 85
93 86
93 87
93 88
93 89
93 90
93 91
93 92
93 93
93 94
93 95
93 96
93 97
94  0
94  1
94  2
94  3
94  4
94  5
94  6
94  7
94  8
94  9
94 10
94 11
94 12
94 13
94 14
94 15
94 16
94 17
94 24
94 59
94 60
94 61
94 62
94 63
94 67
94 68
94 69
94 70
94 71
94 72
94 73
94 74
94 75
94 76
94 77
94 78
94 79
94 80
94 81
94 82
94 83
94 84
94 85
94 86
94 87
94 88
94 89
94 90
94 91
94 92
94 93
94 94
94 95
94 96
94 97
95  0
95  1
95  2
95  3
95  4
95  5
95  6
95  7
95  8
95  9
95 10
95 11
95 12
95 13
95 14
95 15
95 16
95 18
95 25
95 58
95 59
95 60
95 61
95 62
95 63
95 67
95 68
95 69
95 70
95 71
95 72
95 73
95 74
95 75
95 76
95 77
95 78
95 79
95 80
95 81
95 82
95 83
95 84
95 85
95 86
95 87
95 88
95 89
95 90
95 91
95 92
95 93
95 94
95 95
95 96
95 97
96  0
96  1
96  2
96  3
96  4
96  5
96  6
96  7
96  8
96  9
96 10
96 11
96 12
96 13
96 14
96 15
96 19
96 26
96 56
96 57
96 58
96 59
96 60
96 61
96 62
96 68
96 69
96 70
96 71
96 72
96 73
96 74
96 75
96 76
96 77
96 78
96 79
96 80
96 81
96 82
96 83
96 84
96 85
96 86
96 87
96 88
96 89
96 90
96 91
96 92
96 93
96 94
96 95
96 96
96 97
97  0
97  1
97  2
97  3
97  4
97  5
97  6
97  7
97  8
97  9
97 10
97 11
97 12
97 13
97 14
97 15
97 20
97 27
97 28
97 54
97 55
97 56
97 57
97 58
97 59
97 60
97 61
97 62
97 68
97 69
97 70
97 71
97 72
97 73
97 74
97 75
97 76
97 77
97 78
97 79
97 80
97 81
97 82
97 83
97 84
97 85
97 86
97 87
97 88
97 89
97 90
97 91
97 92
97 93
97 94
97 95
97 96
97 97
