98
78 61
76 74
28  2
47  1
92 19
 2  9
90 83
51 13
 0 65
69  9
41  3
76 40
33  7
73 93
62 96
64 70
64 86
82 63
72 32
55  3
 0 29
 0 33
79 24
66 46
75 79
90 73
 9 77
61 84
59 35
16  8
71  7
28  7
59 46
 2 83
83 59
21 90
77 24
 3 73
65 33
80 17
44 10
97 61
23 96
72 25
63 91
92 12
70 89
66  8
39  6
10  9
61 69
38 93
44  8
71 27
67 85
19  3
89 95
 8 80
72 61
61 14
74  3
78 95
77 78
84 21
52 83
83 21
38  8
96 77
88  7
84 22
39 55
35 51
81 74
81  3
92 96
11 87
90 27
78 57
69 72
12 92
76 44
54 95
72 51
74 49
12 87
83 48
 5 10
57 76
97 92
48 94
 1 76
39 67
76 11
59 91
54 29
 8  6
86 11
44 16
53 60
77 95
57 40
76  0
37 92
21 12
94  8
83 72
56 94
40 59
81 59
53 34
51 93
36 97
41 90
42 51
75 20
65 85
31  3
 4 29
18  2
94 76
64 57
91  4
53 33
77 33
39 70
66 85
65 65
85 75
87 83
 1  6
38 61
35 39
 6 77
80 97
58 81
79 34
 0 36
44 58
50 91
60 76
77 37
81 12
96  7
83 57
76 21
32 91
47 92
78 86
49 92
62 68
84 82
39  3
55 29
94 93
56 34
41 64
61 71
91  9
71 62
97 96
41 86
94 94
64 17
79 65
71 54
41 12
16 13
56 83
32 92
73 58
27  9
36 51
62 63
40 58
50  0
12  6
80 63
62 87
 0 35
38 53
43 88
69 55
85 14
83 45
70 83
93 68
95 93
89 49
71 80
92 58
47 96
66 16
35 44
57 37
58 66
78  5
82 44
82  3
97 71
79 83
80 45
47 56
92 47
90  3
80  3
63 64
44 94
84 53
81 72
52 37
14 92
13 15
83 69
31 11
32  0
90  6
90 69
41 15
41 71
66 27
 7 82
46  4
88 16
36 67
21  4
62 82
62 76
58 93
34 95
51 74
53 13
97  7
76 88
 3 70
20  3
71 45
75 90
 5 95
41 58
76  2
 3 89
67 41
67 67
60 63
73 70
82 32
39 54
14  1
68 34
33 50
81  4
88 66
60 44
64 35
30 64
35 12
38 15
53 65
20 90
39  9
78 48
40 87
35 41
97 57
27  4
77  1
74  5
71 59
91 70
79 16
53 31
70 40
40 85
70 56
14 89
53 80
29  5
62 91
76 89
70 50
34 68
59 40
12 11
61 82
82 89
59 59
60  9
85  0
82 23
81 40
23 84
40 63
71 50
46 14
39  4
78 52
78 49
 2 95
87 10
86 43
37 96
36  6
48 10
79 66
86 69
52 56
68  1
86 46
63 79
91 92
70 75
44 87
 0 61
68 90
 6  0
73 74
82 40
71  6
79  0
97 72
27 87
81 49
76 76
87 84
84 36
60 25
85 95
39  7
38 68
93 53
72 40
94 89
20 83
79 85
56 78
11 80
77 75
 8 94
94 92
63 72
 2 16
10 78
30 14
58 74
10 12
 2 75
61 77
 8 91
 6 10
93  0
16 18
37  2
93 13
 6 12
78 89
81 94
93  5
36 68
55 94
85 41
94 87
69  7
43 91
 9 91
78 66
 5 28
 6 18
31 12
80  6
79 62
80 24
61 73
52 35
25  5
48 49
85 81
57 44
76 90
61 85
15 10
14 16
94 84
62  0
66 26
60 39
78 90
83 62
37 85
28 85
59  6
46 13
38 45
43  3
87 58
91 56
13 92
62 69
52 94
30 95
36 11
59 45
90 86
45  7
96 26
93 72
50 97
60  8
26 96
53 95
39  8
19 17
43 59
84 16
 4 76
 2 13
47 88
95 92
 5  2
37 54
78 68
90 18
80 28
95 78
89 47
76 78
 2 66
59 70
68 47
89  2
60 10
 1 16
71 49
78 28
92 83
 6 96
52  1
44 86
 2 65
33  2
71 46
18 83
51 70
28 12
21 15
96 91
58 26
92 52
70 48
38 86
 5 89
 5 84
88  5
66 18
62 55
73  5
75 68
52 82
69 68
87 94
64 84
22 87
40 65
21  3
90 49
23 10
78 33
49  4
36 64
44 91
82 13
71 78
62 92
67 37
66 84
86 83
92 69
27 11
80 95
67 64
43 15
69 97
93 50
65 83
19 95
67 45
55 17
29  3
79 51
93 70
 8  7
 8 10
79 14
91 77
88 15
36 85
60  0
95 96
 1 82
65  2
83 23
55 24
56 62
38 58
 2 67
 1 32
90 85
14 97
66  7
 6 11
65 59
40 70
49 34
13  0
84 15
93 84
96 56
88 53
44 60
58 58
38 13
88 57
37 61
 3 10
66  6
51 60
60 37
49  1
74 85
15 87
86  1
13 86
45 39
43 69
93 19
75 53
12 84
 9 84
74 11
27 93
72 49
10 84
85 62
84 40
38 95
61 47
84 50
 9 95
 9 92
 6 14
71 29
41 87
52 67
 6 25
80  2
12 94
45 12
76 22
85 15
81 11
45 88
40 47
63 42
69 45
37 38
84 32
 2 61
17 91
58  0
89 78
70  9
72 84
90 66
75 89
59 17
81  1
48  6
72  7
72  9
38 88
 3 76
66 70
68 62
 2 82
53 45
20 17
51 88
35  0
85 79
84 26
33 87
81 14
61 40
74  8
45  6
71  2
31 15
68 83
66 11
31  4
63 30
54 65
10  6
11 90
29 88
83 92
92 54
81 42
54 87
63 11
72 16
31  8
57 39
 3  5
 1 75
64 16
70 45
19 84
86 50
66  5
 3 82
64 13
82 15
71 97
88  8
69 56
77 79
49 64
83  9
41  2
88 49
44 92
17 11
88 45
52 91
70 29
84 17
 0 78
90 81
76 68
60 27
55 81
60 88
96 79
63 68
75 51
31 13
84  8
14 86
 8 86
73 29
66  0
96 59
65 87
42 63
83 75
62 97
78 62
84 46
70 68
61 26
54 55
84 74
59 44
23  9
 1 68
38 94
93 18
 1 65
63 58
37 49
44  5
44  3
53 11
72 12
83 41
84 14
96 83
81 63
85 26
89 54
61  7
 2  6
11 14
34 91
69 67
 7 84
77  0
37  8
75 56
40 62
60 94
 5 81
54 62
88 81
28 11
28 91
74 13
 4  2
51 87
97 56
68 88
73  2
54 27
71 32
63 65
92 72
88 56
75  1
88 68
21 89
84 91
80 83
57 70
66 79
57 29
24 11
19 86
78  6
82 88
95 11
51 42
91 69
76  1
53 86
77 43
62 43
74  2
10 86
 3  8
67 17
65 79
75 67
31  9
67 89
77 57
 0 15
71  4
36  7
94 17
52 66
72  1
59 25
79 92
32 51
51  8
33 92
58 91
52  9
79 19
54 72
86 73
 0 16
 2 20
51 73
89  9
57 42
31 89
71 12
61  8
 0  6
22 13
87 14
46 15
22 94
10 85
36 53
95 91
80  0
63 45
63 90
63 27
58 37
78 58
 7 16
35 62
 1 66
44  7
91 88
 3 18
62 34
86 13
34 88
57 38
17 17
74  7
84 54
77 93
90  9
 3 78
 2 23
76  6
38 40
97 74
 0 14
73 77
22  7
64 37
43 54
51  2
11 82
69 81
71 60
89 60
37 97
73 19
66 89
78 94
86  5
23 94
12 13
77 40
26 93
55 71
83 71
19 96
40 61
73 11
62 75
54 32
21 86
62 95
60 42
43  6
32 13
61 36
85 19
53 81
83 47
57 26
94 14
59 77
80  4
68 89
41 68
77 66
64 77
47  5
84  5
72 80
74 97
78 29
64 73
64 89
71 70
86 86
70 38
16 16
40 95
65  5
 1  4
93  7
76 71
95  3
29  7
41  9
34 12
85 90
55 43
63 76
63  2
78 55
76 92
46  7
42 84
71 33
15 91
81  5
68 58
33 66
18 93
46 91
20  0
61  1
84 87
 0 25
37 60
42 67
84 60
33  3
84 95
49 11
55 87
63 26
54 31
91 89
87  9
79 29
64 36
69 16
40  1
27 85
84 66
35 86
 9 19
90 67
 3 13
42 89
44 96
74 75
74 93
67 15
58 32
58 59
 6  3
72 21
18 12
 0 64
92  8
71 48
77  9
79 93
91 74
20  2
48 87
90 50
 9 78
65  8
36 41
82 45
78 11
61 81
92 84
60 85
66 77
57 27
 2 14
42 61
50 59
39  5
23 93
18 97
75 88
 0 24
 2 90
 8 19
59 60
59 86
36 14
81 66
76  4
55 77
58 69
58  9
55 42
62 86
22 89
83 95
49 16
36 94
65 32
72 46
81 29
51 67
 0 82
42 68
89 92
27 92
34 97
80 23
91 86
87 88
62 39
 7 25
79 87
34 61
26 14
39 44
63 29
55 86
61 16
17 18
35 61
64 14
16 93
 7 23
83 86
84 65
87 26
54 66
70 97
15 18
65 67
51 55
68 91
 0 46
10 80
 7 86
78  7
87 21
41 97
72 70
 3 16
 0 56
23  1
 5 91
83 67
97 94
 0 80
91 57
37  1
22  9
 3 86
64 61
38 90
60 89
56 55
15  1
18 15
84 77
49 55
84 44
78 84
74 20
19 12
12  4
78 96
86 17
67 96
36 69
56 43
18 89
15 95
11 95
51 89
79 41
89 51
77 23
81 87
91 64
 0 37
68 42
30  2
62 79
62 77
61 87
19  7
77  4
71 64
77 74
41 66
59 74
77 53
92  0
68 84
32 64
14 85
63 41
 0  4
91 80
15 94
 3 29
 1 17
30 92
46 86
 4 79
47 55
88 87
73 13
40 12
15  7
47  9
60 59
10 13
60 38
45 60
38  5
47 62
75 83
67 69
88  3
95  9
68  2
62 66
25  9
53  4
51 86
86 89
50 95
83 16
 5 17
56 24
78 23
79  7
79 49
76 64
35  1
22 10
62 36
75 13
68 68
86 57
74  9
69 70
 4  6
28  4
31 10
72 52
83 89
59 85
72 56
56 45
60 34
85 74
20  1
87 48
80 43
59 56
78 19
89 77
62 59
82 43
93  2
92 78
87 96
56  8
93 56
85 76
80 39
 2 60
59 62
60 92
34 86
37 51
49 93
 5 25
36 50
82 57
54 82
82 71
65 97
58 88
 2 27
10 17
57  4
72 36
37 15
37 62
34 13
60 29
58  4
93 83
39 52
72 62
88 48
10  3
56 80
59 26
 5 79
79 27
68 70
29  4
71 15
92 92
58 12
77 82
50 94
 4 13
15 88
59 97
73 15
57 11
84 94
 4  7
64 26
83 97
41 84
 1 69
70 82
80 61
55 68
 2  3
10 83
37  6
63 36
59 36
83 53
71 81
21  5
76 37
61 35
49 73
88 88
10 96
54  8
 8 77
23 88
80 86
45 13
86  4
60  6
75  0
80 25
49 70
 2 74
58 54
58 94
73 36
44  9
77 65
 3 12
 5 97
94 67
83 96
17 85
83 65
17 83
36 63
53 44
28 16
77 35
36 12
32 96
31 97
92  7
49 59
16 86
50 71
11 78
15 12
92 75
71 93
47 81
45 55
70 63
18  8
16 94
95 82
 9 90
52 92
90 95
29 10
40 10
51 14
 4 18
 4 28
18  3
 6 89
86 52
 6 24
54 58
89 20
22 91
13 96
71 40
53 96
 3 87
71 52
67  2
63 67
43  5
30  1
40 42
64  1
16  5
41 50
92 22
91 82
56 74
36 40
42 83
67 10
46 97
 0 74
56 11
17 87
61 11
25 85
61 56
48 68
26 86
82 20
97  1
 5 80
41 89
48  4
81 81
21 16
86  2
75 32
57 32
57 92
57 43
16 10
29 14
93  4
89 58
24 83
97 81
55 63
80 18
 6 26
23 97
16 82
54 85
88  2
47 47
49  5
65  3
13 81
16 84
74  6
66 81
51 59
78 44
69 28
90 90
12 88
79 44
45 59
43 10
25 10
31  6
79 89
30 88
67 22
51 84
40 13
39 13
 0 86
41 88
 4 84
90 68
57 96
79 17
12 86
86 42
26 95
 3  7
75 11
75  7
80 47
24  4
60 43
40 91
 9 79
63 12
49 82
 3 85
59 41
11 86
 4 83
68 57
31  5
66 29
64 40
65 56
65 16
38  6
27 10
67 63
42 65
36 60
53 79
48  5
74 39
28 87
74 19
85 54
77 38
47 48
71 90
23 90
35 49
40 46
20 87
79  8
77 21
90 54
39 85
 6 23
39 91
13 17
97 75
58 29
56 88
89 59
 8 20
66 35
81 48
67 12
53 88
68 56
70 36
 7 83
82 66
91  6
97  5
30 96
62 53
40 16
64 63
86 80
49 71
90 94
92 14
68 29
75 73
 9 83
69 33
71 63
52 45
16  7
 3 24
49  8
16  4
 6 21
57 83
 3 17
39 88
 4 19
56  0
78 24
22 83
94 88
83 51
61  4
97 76
 6 87
86 64
57  5
77 86
81 34
 8  3
97 59
34  0
81  6
79 10
60 47
10 92
55 23
45 14
64 90
45 56
82  7
78 12
46 93
81 95
 5 12
36  8
97  4
59 69
57 35
41 60
75 26
33 97
75 95
68 82
39 97
61 28
75 21
43 96
77 91
 0 19
97 58
49 36
31 93
60 55
51 10
52 59
69 62
43  7
71 11
47 93
86 68
36  3
 0 81
44 53
70 23
16 96
89 50
69 31
48 95
52  6
90 19
67 65
23  3
94 78
68  3
81 64
83 49
58 47
16 90
77 80
82 93
59 65
59 54
 5 20
88 55
52  0
97 60
63 96
58 67
79 75
52 41
74 84
39  0
76 73
87 86
39 69
78 17
33 14
62 27
38 56
13 14
32 66
88 50
 5  7
64 21
97 97
20  5
45 10
46 57
25 89
51 85
39 59
66 56
25 86
25 15
65 68
11 96
41 16
82 91
75 65
59 66
49 87
92 90
 4  9
56 64
20 96
14  6
40  0
 0 93
 3 67
 8 78
65 10
26  4
77 62
41 67
73  7
53  5
47 84
44 14
75 34
42 71
72 17
86 56
68 53
58 61
86 15
57 36
80 85
53  1
12 10
87  1
11 15
27 16
41 59
48 60
42 60
78  0
89  8
91 18
73  4
85 50
83  3
55 66
73 79
84 51
 0  1
63  1
79 52
85 96
67 60
16 17
61 39
44 88
 4 92
39  1
50 84
42  5
97 86
34 53
59 10
58  5
12  8
74 27
58 18
32  3
15 96
55 61
20 13
54 92
80 84
17 96
56  1
23 14
 1  2
58 25
61 57
47 97
92 63
47  7
 4 86
 2 12
59 12
89 44
83  0
75 52
67  4
53 72
56 71
80 41
69 41
38 57
63 93
73 65
77  5
 1 22
84 92
24  6
76 41
 9 96
 9 18
97 14
75 59
14 88
69 88
26 12
32  2
64 29
51  9
86 51
29 12
62 13
33 61
80 62
34 87
37 68
60 69
23 11
85 94
24 15
83 40
66 39
19 89
90 78
34 93
71 88
60 36
 9 21
85 68
 7 77
68 33
76 52
30 12
80 87
73 54
62 80
30 90
25 93
24  3
73 33
23 86
70 96
69 40
32 93
80 67
95 70
59 79
52 46
 3 20
62 44
65 25
40  8
91 85
72 26
 9 85
89 90
10 91
49 47
36 86
75 94
87 55
54 67
64 25
82 84
46 38
 0 77
95  0
37 84
64 81
 0 84
60 26
88 84
42 96
68 96
79 15
38 17
35 89
50 57
75 18
49 14
35  3
53 41
52 65
32  5
 5  8
33 51
69 36
37 44
89 83
11 10
64 56
58 77
26 11
35 11
60 95
 2 88
86 71
63 60
49 58
65 40
42 11
79 69
64 79
88 85
 3 23
 5 85
11 79
79 72
45 85
50 86
62 72
86 54
18  5
31 14
45 84
35 93
13  2
87  2
65 95
97 84
54 13
67 91
57 65
 5 76
 1 95
96 19
34 38
57 13
67 20
41  7
51 48
89 96
23 87
11 13
87 52
62 24
57 54
83 35
54 43
34 66
89  6
39 66
14  0
52 71
10 97
82  9
36 89
72 72
 2 68
65 14
12 19
69 77
49 95
17 12
 1  7
 0 88
35 85
 9 10
50 83
11 92
64 30
65 39
95 87
47 15
 0 28
28 95
75  6
84 48
35 53
 6 16
11  6
39 45
37 90
59 96
63  0
84 79
 3 79
60 70
75 14
88 54
57 45
45 44
60 56
57 58
69 43
61 53
14 94
48 90
93 67
 2 22
92 68
 9  8
84 89
69 89
17 10
27  7
65 44
62 65
41 85
31 91
79 56
62 26
97 10
68 61
95 86
69 52
81 20
66 91
50  5
48  3
29 85
12 79
77 11
61  0
62 73
70 26
38 97
38 62
 7 26
24  1
57 25
91 93
96 14
52 16
 1 28
 1 52
82 82
76  9
26 89
91 71
 1 34
49 72
82  8
96 13
80  8
93 85
54 11
67 28
61 96
83  2
73 27
41 11
88 13
15 19
66 33
47 87
65  9
54 59
88  0
45  5
72 95
 2 97
87 72
90 65
88 17
83 12
65 72
86 75
43  8
47 86
20 85
66 44
85 85
60 90
80 76
75 24
67 94
 3 97
23 85
44 97
12  2
40 51
72 18
66 58
73 57
63 83
14 10
51 80
15  5
65 62
96 73
97 68
60 35
21 95
53  2
67  1
70  4
92 93
59 94
66 28
81 45
70 66
30 13
55 56
78 74
87 43
70 13
89 75
68  4
90 11
41 65
29 96
74 66
83  1
62 38
78  8
89 73
65 69
85 33
64 60
19 85
 1 96
37 12
 4 20
89 56
93 57
61 66
74 69
85  1
47 36
39 42
19 88
82 62
18 13
81 93
68 10
21 83
 9  1
65 34
60 73
24 88
 9  0
70 32
78 91
87 57
81 70
26  6
55 74
39 61
37 48
58 11
12  0
91 68
86 18
95 68
50 10
42 70
26 10
51  0
33 93
14 83
27  8
52  7
76  7
77 92
67 27
43 68
41 49
87 17
54 70
77 56
77 46
55 28
90 55
86 12
31 94
11 18
14 13
50 55
84 43
73 28
59 18
73 50
86 26
80 75
65 89
70 81
80 29
71 22
 8 84
13 11
82 86
69 96
88 79
 6 97
51 12
85 53
96 85
40 48
 2 92
34 92
69  8
58 84
73 51
84 80
93 12
66 21
50 34
80 35
19 87
 8 23
72  4
 1 91
53 92
70  0
60 67
82 95
40 53
64 94
71 84
53 12
70 85
 9 14
 8 22
54 84
77 90
79 25
63 40
67 62
65 38
11 21
25 92
75 10
60 45
52 85
11  1
 7 89
 7  1
45  9
17  6
41  1
77  8
73 76
61 31
 5 15
47 11
84  7
44 11
49 35
18 90
26  7
 2 69
86 32
76 20
84 55
67 70
72 92
32  4
68 20
54 35
38  0
58 79
81  0
55 44
84 31
55 79
12 81
74 86
75 42
91 79
96  5
 7 18
83 18
79 80
52  4
70 87
27 96
41 54
11 97
72 69
69 61
81 47
35 95
60 68
52 62
91  0
69 59
41 94
42 62
68 75
53  7
 8 17
36 15
44 82
96 68
71 72
64 43
58 10
77 50
42 91
23  8
80 91
71 82
93 11
93 80
48  2
57 34
56 65
85 63
91  5
64 76
19 94
63 70
67  6
92 88
72 47
40 90
66 86
51  5
37 87
40 97
86 94
 2  1
56  6
95 79
80 30
78 76
26 92
85  8
88 51
39 68
72 37
18 84
79 82
81  7
62 46
11 83
85 46
71 77
50 46
86 33
42 58
65 55
63 56
30 91
96  0
39 95
68 93
91 11
47  3
42 57
69 79
57 77
68 63
45 57
55 55
95 75
63 81
68 43
74 54
95 97
 1 77
87 15
20 84
85 72
20 10
 6 86
31 52
97 69
65 91
63 59
35 90
70 18
82  1
32 54
70  2
33 85
71 75
32 10
79 42
21 14
45 54
60 74
44 93
57  7
73 80
25 88
65 17
73 55
35  2
88 74
91  2
88 78
64 80
21  7
26 16
11 12
74 72
67 79
31  0
 5 75
21 94
96 87
55 37
75 78
50  2
 4 81
 8  0
87 19
 8 93
86 16
71 94
28 15
46 47
15  0
90 14
14 19
17 97
70 72
79  4
45 93
68 66
70  5
43 60
45  0
90 82
28  8
49 81
79 63
19  8
88 69
78  3
88 71
59  9
73 53
56 63
75 12
87 25
35 94
30 89
38 64
54 12
29  2
66 15
90 84
94 70
42 94
71 71
24  0
97 93
76 23
 0 96
65 29
78 56
48 96
31 88
85 45
 0 55
34  7
74 68
92 80
74 70
59  7
41 53
49 69
58 56
61  6
58 34
35 14
64 10
69 75
86 81
 9 93
72 82
41 52
37 47
91 87
49 89
90 57
69 53
74 67
63 69
21 17
43 61
24 91
71 14
91 58
61 42
85 73
59 71
87  0
83 54
74 32
88 20
86 82
67 75
52 40
38 14
87 47
 5  0
82 51
68 71
68 12
38 49
39 39
85 18
75 70
 1 63
50 85
82 79
39 43
59  8
33 11
 4 80
59  3
72 66
41 62
80 68
37 58
93 82
 7 97
 5  1
 4 90
 4 24
38  4
28 94
 5  3
34  8
42 55
10  8
94 60
35 38
87  7
73 63
63 10
16 87
 0 22
73 38
44 51
 7  9
54 73
80 96
22 96
56 44
60 33
61 76
36 46
56 66
70 93
63 20
59 84
 5 90
43 13
46  1
22 15
53 84
88 52
80  1
89 12
27  2
39 89
51 34
84 70
10 20
92 71
47 83
96 70
65 41
43  4
54  5
69  1
13  7
91 84
70 39
73 83
16 15
10  7
59 64
 0 10
96 97
84 84
81 75
22  2
56 85
90 75
53 71
 3 93
59 72
86 59
 9 17
40 89
59 34
55  0
72 77
50 47
40 54
33  1
48 81
91 72
57 82
41 56
29  9
68 79
 0 94
42 64
25 90
90  0
64  0
83 22
81 43
68 44
58 78
85 65
89  0
 7  5
49  3
67 86
27  5
 7 17
39 50
74 78
47 91
72 86
70 44
95  7
 6  7
86 67
63 34
33  4
65 76
62  8
54  3
 2 62
38 65
56 77
64 28
63 15
48 44
14  9
67 21
87 76
16 14
81 17
33 64
67 34
15 86
68 15
72  0
51 83
55 83
38 50
63 63
49 10
74 88
70 73
84 49
 8  1
80  9
88 96
75 81
84 73
68 39
25  8
75 28
37 50
82 59
72 59
72 50
56 27
32  6
62 93
73 91
73 81
82  4
66 43
68 59
19 91
96 84
86 88
92 85
81 50
54  1
88 10
63 44
24 96
33 63
67 97
55 16
83 25
49 46
82 68
41  6
67 73
60 65
42 52
97 20
71 21
 2 63
49 56
57 10
34 41
57 41
71 66
 5 26
39 62
97 83
 2 19
14  5
84 90
91 50
 0 13
 1 26
 1 59
88  4
86 63
81 79
68 38
76 87
39 17
89 52
36 62
76 94
 1 84
31 92
82 65
70 78
92 10
90 53
68 65
54 86
 0 67
87  8
13  4
46 85
61 13
91 75
58 70
81 51
95 72
63 88
40 83
18 92
86 90
52 93
36 88
74 42
36 95
91 66
58 96
75 93
41 13
85 86
36 91
 3 83
67 61
78 10
57 61
74 90
 3 91
36 16
76 63
65 30
 0 63
 5 16
77 89
39 63
40  9
33 90
 2 77
74 87
96 71
73  9
77 68
59 16
52  5
50 90
59 73
71 87
87 20
19  1
60 72
 9 23
70  7
42 97
78 40
17 93
20 94
94 83
51 91
48 97
46 11
18  1
18 10
37 63
33 10
64 62
41 55
85 20
74 34
87 11
55 39
51 66
40  7
 4 78
86 60
 1  0
46 88
69 58
72 89
42  3
50 96
58 64
76 14
64 66
 1 71
11  8
54  4
88 21
55  1
32 89
70 58
69 78
52  2
24  9
59 93
82 34
38 38
35 92
54 74
73 37
 5 83
78 14
49 88
51 94
80 19
82 16
80 20
 2 85
83 90
72  5
11  3
41 83
56 73
76 15
77 88
47 95
47 89
55 36
79 95
39 46
56 91
47 59
73 72
21  6
56  5
82 53
19 14
68 14
 7  2
43 84
69 91
91 52
35  4
67 11
97 13
87 61
92 18
78 73
78 75
30 85
39 60
76 93
 1 78
53 74
76 79
69 20
11 17
74 24
19 93
83 17
66 61
48 46
42 93
 7 91
92 97
 9  3
33 62
75 87
 7 13
68 85
71 96
72 45
65  6
92 57
24 10
71 65
86 53
73 86
94 73
92 56
75 76
81 71
73  8
52  8
53 56
94  7
47 66
77  3
73 34
65 81
36 92
47  2
75 17
41 51
70 60
25 94
82 83
51 43
90  4
58 13
47  8
42 15
83 94
90 89
60 81
13 93
85  5
79 96
96  1
74 46
 6 75
52 63
17 90
76 55
27 91
57 84
95 84
48  8
42 54
 2 73
 0 66
72 48
81 90
97  8
86  9
78 41
12 93
71 68
55  4
54 41
56 12
77 34
61 93
67 77
81 31
68  8
73 69
79 61
 4  0
52 14
32  7
 1 13
35  5
76 48
61  9
93 96
71  8
 2 31
44 84
92 86
47 10
 3 81
97  0
12 20
86 87
53 59
54 57
 7 81
95 13
28  1
 1 15
55 57
83 70
66 82
10 90
66 88
16  6
37 86
 0 11
75 23
55 89
12 89
 6 78
67 46
21  1
38 91
77 14
 8 97
92 66
15 15
12 80
90 80
74 65
95 76
73 78
57 97
79 43
90  2
78 47
 4  5
97 85
65 28
 3 11
96 76
40 52
23 16
42 86
49 86
53  6
20  6
82 97
50 41
13 16
92 55
42  2
78 16
53  9
78 83
81 68
43 87
 7 88
39 90
 5 13
15 90
40 96
37 67
 4 77
 1 79
36 66
72 11
17 82
69 76
27 97
53 62
11 81
94 24
90 21
43 58
94 15
61 60
49  0
 2 81
45 11
75 82
37  3
34 65
16 11
57 33
57 30
72 88
52 13
48 91
89 69
32 65
44 95
29 92
77 77
96  4
46 10
71 23
67 36
15 89
67 14
74 55
78 25
85 12
79 39
73 12
48 56
15 92
45 15
66 90
24 94
36 52
94 59
 0 90
 5 14
69 92
27  1
39 12
64  3
49 85
87 42
52 31
45 91
65 80
56 30
70 19
43  2
26 94
13 91
66 37
72 57
70 91
91 83
63  5
92 49
75 19
52 96
48  7
85  3
84 11
78 54
82 17
 5 22
11 84
51  6
50 93
 2 86
 8 83
77 41
62 12
67 40
92 79
70  8
 1 90
66 92
15  9
40 49
59 13
59 95
84 96
95 80
71 61
31 95
37 14
35  8
57 12
48 92
91  3
35 15
70  6
55 27
84 10
58 85
54 34
50 54
87 60
69 25
92 17
71 57
61  3
10  5
 2 32
61 94
46 59
58  7
85  6
82 64
57 72
54 18
76 33
96 61
59 11
59  0
 0 91
91 48
48 71
66 83
77  6
20  9
55 59
 3 84
58 41
41  4
71 53
 8 95
62 58
70 61
86 47
19 15
58 22
88 44
 2 84
89 85
70 14
86 76
68 28
55 88
27 13
95  4
37 65
 0 97
37 45
38 67
32 95
63 57
22 95
89 89
80 81
59 33
68 37
62 37
 3 68
74 16
67 80
55 11
92 16
15 83
67 13
76 19
54 64
61 61
92 61
81 39
38 10
30  4
 6 15
 0  8
39 51
60 71
29 89
 7 11
 8 96
25  3
 1 24
65 37
62 25
 6 27
65 20
63 62
11 85
63  7
 3 72
34 43
90 87
62 70
67 87
 0  5
59 55
55 62
12 96
86 74
82 22
56 14
92 77
90 59
96  3
70  3
30  7
74 14
69 15
61 79
44 73
70 41
12 95
64 68
57 17
97 87
79  5
 1 58
44 85
59 88
48 13
87 74
 2 79
95 94
51 44
91 54
33 88
 2 71
65 42
50 70
43 12
87 85
77 39
24 97
10  2
78 97
55 97
16 97
97 80
56 89
57 73
37  9
90 97
66  3
73 96
55 85
79 94
 3 27
 8 89
50  1
19 97
51 90
60 41
11 89
89 15
 3 28
72 19
32 15
97 77
75 71
53 28
54 60
88 61
89  4
88 26
57 55
34 90
64  6
83 85
94  3
90 17
 7 20
94 81
50 67
62 84
83 76
90 96
58 16
93 88
40 92
52 11
80 11
92 94
56 97
63 35
24 92
48 82
76 16
75 86
55 18
57 74
76 97
43 70
38 96
83 10
73 41
37 16
73 21
71 86
70 65
71 17
16 92
76 57
 8 18
79 64
84 41
78 60
43 89
55 82
 1 93
94  0
58 17
85 51
57 59
21 91
 4 87
79 46
14 90
78 92
57  9
56 47
 1 27
78 72
81 76
74 82
55 32
65 82
55 90
 1 56
90 92
 0  9
61 34
17  3
24 86
82 76
54 78
53 68
86 48
27 88
79  1
36 38
52 97
 1 62
47 13
93 95
 2 96
84  2
71 74
 0 73
34  2
56 38
94 95
68 81
84 81
69 27
87 18
81 21
55 93
42 13
22 85
38  3
78 67
71 10
65 27
66 71
 3 30
15 97
45 89
10 14
87 66
77 61
91 73
63 75
88 11
 0 30
39 11
61 91
17 89
67 66
80 73
33  0
40 56
95 74
39 57
86 95
53 30
55 45
68 69
89 68
76 80
96 81
30 65
92 67
57 91
95 89
42 16
82 74
57 24
80 80
84  0
75  8
80 82
 1 61
 0 53
53 29
81 22
90 71
66 75
 8  5
61 41
 6  1
 7 22
78 87
75 66
90 91
81  9
49 97
91 47
28 96
30 11
88 91
97 54
26  0
 6 95
41 57
 2 28
81 85
74 71
48 84
93 97
 3 95
32 97
54 38
46 84
73 23
76 96
29  0
66 12
78 77
64 54
28 86
 0 89
86 78
50 35
68 16
41 92
21  0
72 97
77 12
85 17
24  7
56 76
 0 49
84 56
60 53
36 96
65 35
26 90
69 66
37 13
 6 88
33 89
90  5
57  1
77 13
57 90
73 71
55 60
55 14
93 78
57 87
56 84
40 67
71 51
43 52
 5 82
67 82
34 42
50 87
63 16
64 71
25  0
23 12
94 62
80 88
 7  0
59 67
25 16
 1  9
 0 68
47 90
75 74
38  7
88 47
47 65
58 87
15 13
62 15
96 74
58 14
78  1
39 48
 2 10
95 77
13  5
67 33
36 55
61 24
62 89
43 95
 1  1
69 65
62 64
85 89
73  6
78 82
96 72
 5 86
77 84
19 13
11  0
41 70
60 83
36  4
60 91
73 40
91 51
20 86
60 22
47 67
44 83
78 13
81 84
88  1
77 28
61 25
46 53
57 93
43 56
 9 89
87 82
88  9
70 27
59  4
14 80
 6 79
11 93
61 46
54 79
60 54
70 54
32 12
69 11
94 77
39 53
66  1
58 82
75 38
 1 94
68 21
89 14
83 64
15 11
59 32
86 55
54 16
63 71
43  9
59 92
30  5
 4 27
56 57
82 78
16  9
40  6
90 56
70 15
48 11
59 82
69 82
50  9
84  1
43 57
63 17
 1 67
26  5
 3 94
85 69
81 77
78 27
 0 60
72 34
91 15
76 12
46  6
90 60
22  1
35 40
51 16
15 82
63  6
36 58
76 18
69 60
19 90
65 94
15 93
 0  3
33 96
67 68
68 64
46  3
80 10
64 38
54 44
64 95
81 97
52 81
56 96
45 52
41 10
54 90
59 30
79  9
 6 82
85 48
36 56
89  3
40  3
21 93
85 82
57 18
42 14
25 11
 2 30
 8 15
44 90
61 38
 2 29
71 89
 8 76
96  2
84 47
90  8
60 62
78 35
88 46
17 92
19 10
84 69
90 16
51  4
82 46
60 31
49  6
60  2
38 54
71 19
14  8
52 68
59 24
36 84
32 94
76 51
38 47
97 90
42  7
32 11
76 32
29 90
94  2
51 82
 8 79
13  3
50  4
81 46
45  1
87 56
63 66
96 11
93 76
65 70
78 22
86 97
36  1
74 37
55 35
76 70
53 93
27 15
75 58
37 94
74 17
84 18
61 88
31 86
97 62
56  7
48  0
69 42
10  1
34 85
 6 83
 1 88
 8  2
61 54
62 45
77 54
63  3
32 52
37  4
70 79
25  6
38 66
67  0
18 91
93 51
 0 71
33  5
76 83
88 97
74 41
58 95
92  4
89 72
69 85
35 66
60 11
76 85
 9 97
62 42
13  1
75 57
60  4
83 26
88 75
42  8
33 86
40 57
72 14
59 89
55 96
88 95
87 33
24 12
76 95
75 40
81 54
12 16
66 64
58 86
53 73
89 26
74 33
78 81
58 33
40 60
22 93
52 72
37 59
14 84
73 84
 7  7
35 52
89 19
 1 31
76  8
83 14
20 11
73 26
 7 12
95  1
32 87
59 87
34 64
21  9
 6 85
76 59
 6 94
59 80
58 83
 2 91
63 95
86  3
76 54
38 89
96 88
72  2
29 16
46  9
66 60
75 63
50  3
34  4
 4 17
43 86
79 84
96 94
72 53
53 69
37 88
83 63
96 12
70 17
88 93
43 93
93 79
59 29
40 69
89 17
48 55
31 85
61 45
 2 93
 5 21
71 26
 7 85
66 14
68 46
81 86
65 63
44 61
70 47
34 89
65 73
39  2
82 60
95 16
80 65
13 89
 1 85
 0 87
70 51
 4 82
75  4
57 88
80 48
28 93
55 40
34 63
35 97
92  5
56 17
53 97
81  2
70 64
84 93
18 86
60 17
48 36
44 89
20 95
71 83
44 13
91 10
94 74
61 86
81 62
22 90
45 96
46 12
67 93
20 15
91 91
35 68
57 85
 4 73
74  1
36 49
66 57
82  2
 4 89
 4  8
37 69
82 19
83 81
19  0
84 78
62 85
72 83
54 10
30  9
55 46
66 41
58  3
58 39
86 58
64 27
12 97
 1 74
 8 13
45 92
51 35
93 93
95 61
52 80
87  5
40 15
88 86
 3  4
68  6
52 90
25 95
72  3
16  3
47 58
13  8
54 63
96 89
45 95
51 36
14 95
86  0
 0 54
50 11
47 64
 4 11
17 16
11  9
79  3
85 44
25 12
23 91
94 85
82 70
19 83
40  4
68 25
84 76
75 41
78 51
75 69
15 84
82 77
 3 77
66 40
81 56
77 51
29 97
60 80
55 31
92 76
55 10
80 94
21  2
61  5
57 56
61 15
89  1
27 89
95 15
60 24
 7  3
90 70
15  6
50 82
60 30
10 22
68 87
13 88
27  3
 9 16
 3 80
45 87
59 47
78 39
94 16
58 73
53 14
63 28
 1 23
 4 96
 4 10
66 87
26  9
94 75
71 55
51 45
85 36
84  9
97 28
37 52
65 26
 5 77
 7 80
69 83
32 63
 1 55
79 18
77 97
12  7
79 55
 1 33
89 11
37 64
55 80
71 47
13  6
62 94
 4 21
86  7
30 86
34 67
95 81
53  0
49 68
64 45
18 87
66 25
67  5
33 13
45 61
89 93
69 57
58 40
74 48
 8  8
14  7
66  9
90 45
18 16
35 13
22 12
78 69
67 59
32 90
13 87
86 84
47 82
26 88
34 52
70 11
13 83
56 81
95 83
75 85
85 97
72 13
13 20
80 92
87 92
 3 88
83 84
92 82
84  3
58 80
88 82
21 87
85 91
17 88
88 77
80 89
17  5
72 79
93  1
76 62
60 96
82 30
95 63
87 71
74 23
72 22
51 97
47 54
84 12
72 29
64 78
 9  9
32 86
65 96
68  0
32 62
68 55
38 42
82 26
52 61
83 60
44 72
36 43
67 25
88 92
 0 18
54 71
60 61
57  8
53 63
60  1
29  8
13 95
56 33
81 80
53 89
 3 25
48 58
42 95
57 94
64 75
81 15
78 85
21  8
78 43
67 38
57 22
77 19
35  7
 8 87
55 72
77 83
97  6
11 19
93 91
52 88
82  0
 6  2
18 14
57 46
11  2
76  3
68 76
66 42
85 55
72 90
64 85
64 19
60 82
84 13
55 13
97 79
54 83
71 34
53 35
64 87
60 60
56 95
17  8
 4 15
16 83
62  7
19  6
 5  4
 1  3
 2 21
91 96
26  8
56 92
57 78
14 18
68 67
72 15
46  0
96 93
83 52
20 12
66 67
 9  2
65 11
45 86
88 65
74 36
77  2
10 87
34 94
74 40
58 90
55 38
44  0
54 94
86 21
 2 25
81 78
35 43
41 96
58  6
73 32
62 28
53  3
39 83
68 13
 3 21
53 55
90  7
90 58
77 16
17  0
73 75
95 73
88 70
58 57
29 11
 1 53
70 10
22 97
76 43
 5  6
32  1
 3 15
90 88
83 20
64 67
42 56
79 88
54  7
85 16
 0 75
88 89
48 89
87 97
72 58
96  6
46 83
97  3
14 11
64 20
 7 10
89  7
38 39
52 73
92 74
87 51
69 87
79 33
78 64
36 10
35 88
96 78
85 49
56 40
64 58
66 38
14 17
88 43
44  1
37  0
45  8
79 73
 4 91
37 46
79 21
41  8
60 87
66 68
40 14
54 80
64 64
93 86
80 93
37 40
64  8
16 89
40 94
63 77
82  5
68 95
81 13
56 31
61 10
21 85
60 40
20  8
69 64
85 64
56 25
95 18
83  6
53 16
49 54
62 16
75 50
43 82
23 13
78 63
 5 27
 1 12
63 61
83 93
83 87
75  2
58 92
69 10
50 45
87  6
39 49
54 45
92 51
38 55
82 10
61 95
66 72
61 70
91 19
36  2
90 47
16  1
75 96
44 55
53 46
31 65
21 88
49 91
38 69
 3  3
70 88
91 53
84 86
60 64
40 41
65 61
81 10
 2 80
73 82
90 93
62 83
89 87
65 71
90 76
69 17
91 14
30  8
36 54
74 74
65 78
45 94
39 87
79 11
54 46
62 61
62 40
 1 29
 0 52
91 13
35 60
64 65
57 71
52 57
51 56
61 44
 9 94
14 82
79 67
79 50
55 69
93  8
83 44
65 12
81  8
51  1
81 23
63 25
78 78
78 34
50 92
56 37
92 53
72 74
81 35
23  6
40 43
22 84
17 14
24 14
40 45
95 62
22 86
85 80
19 11
59  1
90 51
74 96
41  5
51 33
68 60
94 82
31  1
 6 80
65 92
86  6
33 94
67 90
82 21
62 41
 8 21
36 61
54 23
50 58
63 97
17 15
20 93
74 77
42  9
93 49
89 74
76 66
36 65
82 94
88 94
72 20
78 50
72 68
37 56
66 30
36 93
 4 97
86 92
56 16
69 37
69  0
72 78
70 55
89 23
66 10
16  2
23 95
 1 30
52 34
92 15
58 68
50 16
67 88
24 87
95  2
65  7
75 92
54 33
56 39
 0 23
89 66
71 69
43  0
80 72
41 69
56 79
88 59
93 61
84 85
23  0
78 70
62 54
89 61
 1 92
60 13
68 45
63 82
89 94
46 94
61 27
52 89
17  7
67 35
25 91
54 39
13 13
89 13
92 11
87 59
42 92
40  5
75 77
57 81
 5 19
64 44
 5 94
39 56
88 73
54 40
40  2
 5 11
43 72
15 85
 1 89
82 80
90 10
68 97
97 55
84 68
70 69
77 18
65 86
37 55
27 94
59 57
66 80
45  3
56 68
55 65
25  2
 2 15
71 38
 7 87
81 88
 1 25
53 91
79 68
54 88
30 15
 1 19
70 77
 1 11
55 95
95  8
51 54
85 42
56 32
76 56
 9 88
79 45
63 86
23  2
96 75
51 92
69  4
73  3
85 60
68 72
83 31
95 12
 0 69
 0 92
42 53
95 88
63  8
49 90
61 78
 0 70
61 65
87 44
61 12
80 34
37 93
34 50
72 39
83 80
29  1
24 93
15  3
30 87
68 26
81 57
78 38
17 95
17  2
60 93
93 55
94 71
48 54
73 10
18 11
45 53
59 38
 5  5
38 63
63  9
39 40
77 96
 4 25
89 45
81 52
82 85
40 55
84 75
35 91
83 50
61 29
50 36
52 60
61 83
 0 95
43 85
20  4
19  2
48 57
14 12
35  9
58 30
95 60
35 96
84 72
60 57
14 91
83 82
82 92
10 88
74 95
49 57
80 14
 5 18
10 93
92 95
 6  8
10 79
84 42
16 85
54 42
84 88
74 64
79 91
61 62
58 24
85 56
77 59
44 59
95 10
30 97
 5 87
45 82
60 77
54  9
22  8
 6 22
11 16
20 92
19 16
16 91
52 70
63 73
83 61
 1  5
81 65
51 58
83 83
87 91
61 92
78 21
74 76
88 14
 8 85
55 92
27 14
70 53
49 17
79 79
23  4
73 94
18  9
29 86
48 67
81 96
86 20
29  6
66 93
67  7
85 61
22 14
70 62
66 76
36  5
84 62
68 94
30 93
53 37
67 43
97 15
10  4
38 84
54 91
52 47
85 92
 9 20
 2  7
 4  4
63 37
 0 57
73 92
71  5
94 79
66 63
 9 13
24 84
72 27
22  6
84 71
91 81
 7  8
38 48
87 78
82 87
83 79
31 96
17 13
71 58
72  8
87 80
33  6
70 16
11  4
64 59
82 55
12 15
70 67
96 80
70 57
47  6
 1 54
91 12
25 97
68 73
80  5
87  3
86 49
85 11
46  2
37 39
88 80
88 25
90 48
 7 15
42  4
56 67
89 86
67 78
64 41
42  1
43 14
76 13
48 85
71 28
81 19
 6 20
37 43
 4 88
24  8
91 63
30 10
40 11
53 58
36 42
26 84
87 63
69 73
14  3
70 86
88 62
56  4
12 82
91 16
92 87
17 86
36 59
57 95
54 68
56 13
43 83
33 15
74 10
 8 12
20 89
83 91
63 78
86 96
74 83
58 89
69 46
18 88
10 95
75 33
77 76
10 21
74 15
69 71
12 83
 6 17
21 97
73 68
80 44
89 55
85  4
69 94
45 45
87 53
76 28
71 39
73 85
48  1
53 57
87 75
93 14
 2 11
52 10
34  1
82  6
97  2
38 46
75  9
58  1
76 91
72 91
61 97
96  9
36 13
30 16
80 78
54 81
79 35
62 60
71 67
 7  4
63 80
53 82
63 55
77 10
 0 32
28 14
77 42
21 84
35  6
94 13
 9 80
89 53
70 84
70 49
78  4
56 29
90  1
 2  4
 0 20
66 45
50 72
59 27
27  6
60 18
67 18
78 88
76 17
89 97
78 80
94 80
66 97
66 94
64 72
28 92
76 49
35 84
14 81
62 88
73 67
63 84
77 85
54 37
10 11
94 11
55 30
57 89
67 84
87 90
85 13
79  6
85 78
70 70
84 61
82 11
10 10
 5 24
32  8
58 45
 8 16
75 46
19 82
 1 81
65 75
80 71
64 11
75 48
54  6
37 66
 8  4
24 89
72 33
76 34
75 22
 8 24
72 76
70 94
56  3
64  4
90 74
97 73
85 52
49 83
69 13
82 54
73 56
62 11
64 83
67 95
54 56
80 12
63 54
44 56
11  5
31 64
32 85
 0  2
58 36
78 65
46 82
58 44
34  6
 8 92
 1  8
57 31
59 81
72 67
97 95
92  6
82 31
56 82
 6 13
39 64
28  0
24 85
76 27
60  7
71 85
17 94
 7 76
65 93
77 58
14 93
52  3
74 80
65  0
25 87
43 53
70 80
76 58
49 96
65 88
93 89
73 20
59 63
12 91
74 28
48 86
91 76
93 60
43 16
43 51
 2 76
93 77
95 69
 2 89
 0  7
87 95
40 50
64  7
24 90
 3  6
60  3
93 75
 0 59
95 59
36 48
13 84
56 10
42 88
 1 87
69 86
55  2
65 43
66 34
68 40
68  9
89 48
24  2
 8 81
75 29
92  1
61 37
25  4
91 67
 2 72
66  2
29 87
12 18
31  7
24 13
44  6
56 59
54 36
 1 72
95 90
 4 75
50 61
94  5
91 90
58  2
96 62
25  1
46 89
 8  9
46 95
58 46
55 73
 9 12
97 82
78 18
36 44
 9 11
40 64
30  0
89 81
70 52
53 87
34 40
72  6
46 87
84  6
30  3
83  8
89 88
79 20
74 81
 2 24
85 88
74 92
85 43
17  1
80 90
 3 74
89 64
 0 31
79 77
17  9
 3 22
76 10
26 87
37 42
 3 69
74 61
46 92
42 87
66 73
56 26
10 16
84 58
77 63
87  4
62  2
70  1
48 14
78 42
57 69
11 91
 1 73
46 58
96 58
81 60
87 69
75 84
40 66
 6 81
39 15
54  2
28  5
51 96
92 13
83 66
58 31
92 64
 9 87
55 25
 4 93
26 13
61 59
71 13
74  0
75 43
41 61
72 55
 4  1
38 52
81 24
28  9
 3 75
96 96
59 61
87 50
93 52
15  8
31 66
62 17
 4 12
48 15
75 97
63 85
11 20
54 96
69 63
42  6
78 93
 7 24
69 84
72 54
83  5
45 46
77 55
62  1
49  7
 0 34
42 90
30  6
73  0
90 72
63 87
 5 93
50  7
69 30
76 46
77 94
33  8
64 82
52 84
82 96
72 87
67 42
71  1
44 15
88 67
65 36
25 96
50 13
24 16
27 90
24  5
67 76
53 39
97 91
21 11
63  4
67 29
62  5
80 21
87 77
67 92
75 47
53 83
46 56
97 78
49  2
77 70
18  7
79 60
82 14
21 96
83 19
42  0
66 20
62 20
82 67
57 47
62 56
77 87
75 37
13 18
69 93
52 44
18 82
43 92
51 57
56 93
59 31
29 95
85 84
 7 14
72 63
77 22
70 59
 3 14
84 20
 3 71
84 83
70 90
80 79
61 63
91 95
85  9
 8 11
23 92
94 97
 5  9
50 88
72 38
86 62
67 39
55  8
65 15
85 71
68  7
55 84
68 18
28  3
70 92
90 52
61 32
86 61
83 88
73 66
25 84
22  5
49 94
62 29
75 16
 0 26
79 23
 6 76
 0  0
13 90
91 24
42 10
75 15
62 30
91 59
67 72
58 63
76 24
56 41
 6 90
39 47
51 11
64 34
64 96
 1 83
81 92
 2 26
36 39
