10x12.png (10-by-12 image)

The table gives the dual-gradient energies of each pixel.
The asterisks denote a minimum energy vertical or horizontal seam.

Vertical seam: { 7 6 7 8 7 7 6 7 6 5 6 6 }
  39130.00    44321.00    66292.00    47040.00    63127.00    38719.00    71900.00    23188.00*   60541.00    58470.00  
  83276.00    57896.00    85720.00   102741.00    34430.00    93403.00    25502.00*   26120.00   134498.00    36223.00  
  51511.00    61287.00    57183.00    38233.00   156907.00    40535.00   130638.00    18883.00*  134961.00    65289.00  
  80435.00    54629.00   107054.00    60764.00    88253.00    26352.00    98179.00    47334.00    28427.00*   90460.00  
  38173.00    90253.00    82713.00    25654.00    40974.00    33631.00    65269.00    34274.00*   75112.00    40532.00  
  30218.00    29595.00   110853.00    96663.00    68427.00    65745.00   113316.00    43611.00*   86750.00    82733.00  
  60535.00    50893.00    93407.00    65043.00    84261.00   109499.00    28513.00*   94046.00    95309.00    47241.00  
  71390.00    36515.00    92404.00   127938.00   106258.00    36155.00   159388.00    23830.00*   44592.00    97536.00  
  46603.00    49322.00    87505.00    90079.00    36873.00   155102.00    30337.00*   91035.00    93055.00    42516.00  
  77327.00    49404.00    43495.00    76943.00    84954.00    14932.00*   93853.00    91557.00    22531.00    57582.00  
  62530.00    52430.00    26203.00    25559.00    67144.00    70582.00    14341.00*   34267.00    67579.00    18903.00  
  70918.00    63750.00    25799.00    25829.00    34539.00    64054.00    26742.00*   38843.00   101824.00    63657.00  
Total energy = 312580.000000


Horizontal seam: { 8 9 10 10 10 9 10 10 9 10 }
  39130.00    44321.00    66292.00    47040.00    63127.00    38719.00    71900.00    23188.00    60541.00    58470.00  
  83276.00    57896.00    85720.00   102741.00    34430.00    93403.00    25502.00    26120.00   134498.00    36223.00  
  51511.00    61287.00    57183.00    38233.00   156907.00    40535.00   130638.00    18883.00   134961.00    65289.00  
  80435.00    54629.00   107054.00    60764.00    88253.00    26352.00    98179.00    47334.00    28427.00    90460.00  
  38173.00    90253.00    82713.00    25654.00    40974.00    33631.00    65269.00    34274.00    75112.00    40532.00  
  30218.00    29595.00   110853.00    96663.00    68427.00    65745.00   113316.00    43611.00    86750.00    82733.00  
  60535.00    50893.00    93407.00    65043.00    84261.00   109499.00    28513.00    94046.00    95309.00    47241.00  
  71390.00    36515.00    92404.00   127938.00   106258.00    36155.00   159388.00    23830.00    44592.00    97536.00  
  46603.00*   49322.00    87505.00    90079.00    36873.00   155102.00    30337.00    91035.00    93055.00    42516.00  
  77327.00    49404.00*   43495.00    76943.00    84954.00    14932.00*   93853.00    91557.00    22531.00*   57582.00  
  62530.00    52430.00    26203.00*   25559.00*   67144.00*   70582.00    14341.00*   34267.00*   67579.00    18903.00* 
  70918.00    63750.00    25799.00    25829.00    34539.00    64054.00    26742.00    38843.00   101824.00    63657.00  
Total energy = 319887.000000



