10x10.png (10-by-10 image)

The table gives the dual-gradient energies of each pixel.
The asterisks denote a minimum energy vertical or horizontal seam.

Vertical seam: { 8 7 7 7 7 8 9 8 7 7 }
 112421.00    38888.00    53400.00    37672.00    49283.00    51075.00    59843.00    67791.00    28708.00*   65015.00  
  76151.00    18695.00    74439.00    64843.00    78513.00    31885.00    56095.00    16622.00*   29798.00    61604.00  
  33491.00    49310.00    24405.00    34892.00    43268.00    29261.00    87354.00    15741.00*   67079.00    53723.00  
  61768.00    52198.00    63629.00    28306.00    27215.00    16175.00    43875.00    41003.00*   52454.00    53949.00  
  67612.00    86349.00    75355.00    47443.00    27434.00    30859.00    49894.00    37941.00*   59218.00    47210.00  
  13851.00    43548.00    86619.00    59309.00    26144.00    64156.00    56039.00    47335.00    48995.00*   38880.00  
 112699.00   101451.00    49451.00    58024.00    57501.00    48598.00    67269.00    72771.00    69769.00    40274.00* 
  73663.00    50716.00    73297.00    34992.00    39038.00    27419.00    65073.00    76667.00    15387.00*   89147.00  
  67378.00    49507.00    41791.00    63833.00    73373.00    39619.00   105062.00     8215.00*   60488.00    61684.00  
  74038.00   105543.00    46831.00    47711.00    31563.00    30487.00    31793.00    15637.00*   52150.00    57809.00  
Total energy = 268523.000000


Horizontal seam: { 2 1 2 3 3 3 3 2 1 2 }
 112421.00    38888.00    53400.00    37672.00    49283.00    51075.00    59843.00    67791.00    28708.00    65015.00  
  76151.00    18695.00*   74439.00    64843.00    78513.00    31885.00    56095.00    16622.00    29798.00*   61604.00  
  33491.00*   49310.00    24405.00*   34892.00    43268.00    29261.00    87354.00    15741.00*   67079.00    53723.00* 
  61768.00    52198.00    63629.00    28306.00*   27215.00*   16175.00*   43875.00*   41003.00    52454.00    53949.00  
  67612.00    86349.00    75355.00    47443.00    27434.00    30859.00    49894.00    37941.00    59218.00    47210.00  
  13851.00    43548.00    86619.00    59309.00    26144.00    64156.00    56039.00    47335.00    48995.00    38880.00  
 112699.00   101451.00    49451.00    58024.00    57501.00    48598.00    67269.00    72771.00    69769.00    40274.00  
  73663.00    50716.00    73297.00    34992.00    39038.00    27419.00    65073.00    76667.00    15387.00    89147.00  
  67378.00    49507.00    41791.00    63833.00    73373.00    39619.00   105062.00     8215.00    60488.00    61684.00  
  74038.00   105543.00    46831.00    47711.00    31563.00    30487.00    31793.00    15637.00    52150.00    57809.00  
Total energy = 291424.000000



