12x10.png (12-by-10 image)

The table gives the dual-gradient energies of each pixel.
The asterisks denote a minimum energy vertical or horizontal seam.

Vertical seam: { 8 7 7 6 6 7 7 7 8 9 }
  46075.00   137016.00   124284.00    15309.00    85845.00   142181.00    62544.00   130059.00    31634.00*   63459.00   100719.00   104571.00  
  42670.00    47535.00    22411.00    59701.00    80223.00    23846.00   127161.00    24026.00*   47672.00    80424.00    16330.00    56092.00  
  35404.00    91500.00    63408.00   140387.00    71656.00    65003.00    45355.00    30236.00*   72026.00    39576.00   106787.00    22778.00  
  54412.00    44700.00   118273.00    64032.00    68187.00    62460.00    44539.00*   83547.00    72837.00   112001.00    44363.00    52577.00  
  83595.00    77527.00    40409.00    63028.00    84431.00   205496.00    34050.00*   53795.00    70597.00    65945.00    36064.00    35620.00  
  49659.00    89889.00    47608.00    53072.00    52580.00    78242.00    56315.00    41294.00*   67094.00    52900.00   109104.00    41678.00  
  89697.00    61973.00   105703.00    25252.00    45055.00    45631.00    67356.00    13205.00*   19313.00    96078.00    37795.00    99834.00  
  44794.00    86524.00    39457.00    37831.00    34108.00   106604.00    88634.00     9978.00*  117856.00    71794.00    63131.00    56850.00  
  48743.00    48388.00    64267.00    22759.00    72114.00    67226.00    51823.00    97255.00    28405.00*   47249.00    48174.00    68254.00  
  36021.00    86088.00    62144.00    37722.00    74868.00    85130.00    58392.00    53199.00   131204.00    46719.00*   48409.00    79043.00  
Total energy = 304086.000000


Horizontal seam: { 2 1 1 0 1 1 2 1 1 2 1 2 }
  46075.00   137016.00   124284.00    15309.00*   85845.00   142181.00    62544.00   130059.00    31634.00    63459.00   100719.00   104571.00  
  42670.00    47535.00*   22411.00*   59701.00    80223.00*   23846.00*  127161.00    24026.00*   47672.00*   80424.00    16330.00*   56092.00  
  35404.00*   91500.00    63408.00   140387.00    71656.00    65003.00    45355.00*   30236.00    72026.00    39576.00*  106787.00    22778.00* 
  54412.00    44700.00   118273.00    64032.00    68187.00    62460.00    44539.00    83547.00    72837.00   112001.00    44363.00    52577.00  
  83595.00    77527.00    40409.00    63028.00    84431.00   205496.00    34050.00    53795.00    70597.00    65945.00    36064.00    35620.00  
  49659.00    89889.00    47608.00    53072.00    52580.00    78242.00    56315.00    41294.00    67094.00    52900.00   109104.00    41678.00  
  89697.00    61973.00   105703.00    25252.00    45055.00    45631.00    67356.00    13205.00    19313.00    96078.00    37795.00    99834.00  
  44794.00    86524.00    39457.00    37831.00    34108.00   106604.00    88634.00     9978.00   117856.00    71794.00    63131.00    56850.00  
  48743.00    48388.00    64267.00    22759.00    72114.00    67226.00    51823.00    97255.00    28405.00    47249.00    48174.00    68254.00  
  36021.00    86088.00    62144.00    37722.00    74868.00    85130.00    58392.00    53199.00   131204.00    46719.00    48409.00    79043.00  
Total energy = 420465.000000



