7x10.png (7-by-10 image)

The table gives the dual-gradient energies of each pixel.
The asterisks denote a minimum energy vertical or horizontal seam.

Vertical seam: { 4 3 4 3 4 3 3 2 2 1 }
 118627.00    15939.00    92027.00    45018.00    27105.00*   56386.00    87756.00  
  75471.00    33688.00    87351.00    37595.00*   42270.00    86799.00    39837.00  
  31783.00    65151.00    75178.00    91699.00    29162.00*   93777.00   146644.00  
  97547.00    64330.00    66771.00    30558.00*  151330.00    53402.00    81156.00  
  45641.00   102319.00    64212.00   124683.00    64154.00*  136499.00    17803.00  
  63215.00    59760.00   115035.00    12936.00*   60098.00    81299.00    68532.00  
  48588.00    79398.00    86087.00    67950.00*   40282.00    51868.00    89787.00  
  56173.00    26041.00     5298.00*   69599.00    84314.00    79634.00    42398.00  
  74068.00    67065.00    41308.00*   86305.00    28715.00    53307.00    32327.00  
  88528.00    19019.00*   78268.00    69946.00    90136.00    14164.00   117584.00  
Total energy = 335085.000000


Horizontal seam: { 6 7 7 7 8 9 8 }
 118627.00    15939.00    92027.00    45018.00    27105.00    56386.00    87756.00  
  75471.00    33688.00    87351.00    37595.00    42270.00    86799.00    39837.00  
  31783.00    65151.00    75178.00    91699.00    29162.00    93777.00   146644.00  
  97547.00    64330.00    66771.00    30558.00   151330.00    53402.00    81156.00  
  45641.00   102319.00    64212.00   124683.00    64154.00   136499.00    17803.00  
  63215.00    59760.00   115035.00    12936.00    60098.00    81299.00    68532.00  
  48588.00*   79398.00    86087.00    67950.00    40282.00    51868.00    89787.00  
  56173.00    26041.00*    5298.00*   69599.00*   84314.00    79634.00    42398.00  
  74068.00    67065.00    41308.00    86305.00    28715.00*   53307.00    32327.00* 
  88528.00    19019.00    78268.00    69946.00    90136.00    14164.00*  117584.00  
Total energy = 224732.000000



