diagonals.png (9-by-12 image)

The table gives the dual-gradient energies of each pixel.
The asterisks denote a minimum energy vertical or horizontal seam.

Vertical seam: { 0 0 0 0 0 0 0 0 0 0 0 0 }
 195075.00*  390150.00   390150.00   390150.00   390150.00   390150.00   390150.00   390150.00   390150.00  
 390150.00*  390150.00   390150.00   390150.00   390150.00   390150.00   390150.00   390150.00   195075.00  
 195075.00*  390150.00   390150.00   390150.00   390150.00   390150.00   390150.00   390150.00   390150.00  
 390150.00*  390150.00   390150.00   390150.00   390150.00   390150.00   390150.00   390150.00   195075.00  
 195075.00*  390150.00   390150.00   390150.00   390150.00   390150.00   390150.00   390150.00   390150.00  
 390150.00*  390150.00   390150.00   390150.00   390150.00   390150.00   390150.00   390150.00   195075.00  
 195075.00*  390150.00   390150.00   390150.00   390150.00   390150.00   390150.00   390150.00   390150.00  
 390150.00*  390150.00   390150.00   390150.00   390150.00   390150.00   390150.00   390150.00   195075.00  
 195075.00*  390150.00   390150.00   390150.00   390150.00   390150.00   390150.00   390150.00   390150.00  
 390150.00*  390150.00   390150.00   390150.00   390150.00   390150.00   390150.00   390150.00   195075.00  
 195075.00*  390150.00   390150.00   390150.00   390150.00   390150.00   390150.00   390150.00   390150.00  
 390150.00*  390150.00   390150.00   390150.00   390150.00   390150.00   390150.00   390150.00   195075.00  
Total energy = 3511350.000000


Horizontal seam: { 0 1 1 1 1 1 1 1 1 }
 195075.00*  390150.00   390150.00   390150.00   390150.00   390150.00   390150.00   390150.00   390150.00  
 390150.00   390150.00*  390150.00*  390150.00*  390150.00*  390150.00*  390150.00*  390150.00*  195075.00* 
 195075.00   390150.00   390150.00   390150.00   390150.00   390150.00   390150.00   390150.00   390150.00  
 390150.00   390150.00   390150.00   390150.00   390150.00   390150.00   390150.00   390150.00   195075.00  
 195075.00   390150.00   390150.00   390150.00   390150.00   390150.00   390150.00   390150.00   390150.00  
 390150.00   390150.00   390150.00   390150.00   390150.00   390150.00   390150.00   390150.00   195075.00  
 195075.00   390150.00   390150.00   390150.00   390150.00   390150.00   390150.00   390150.00   390150.00  
 390150.00   390150.00   390150.00   390150.00   390150.00   390150.00   390150.00   390150.00   195075.00  
 195075.00   390150.00   390150.00   390150.00   390150.00   390150.00   390150.00   390150.00   390150.00  
 390150.00   390150.00   390150.00   390150.00   390150.00   390150.00   390150.00   390150.00   195075.00  
 195075.00   390150.00   390150.00   390150.00   390150.00   390150.00   390150.00   390150.00   390150.00  
 390150.00   390150.00   390150.00   390150.00   390150.00   390150.00   390150.00   390150.00   195075.00  
Total energy = 3121200.000000



