101
2.50e11
2.2E11 0.0 -3.4914813388431335E-11 10000.0 3.50e12 earth.gif
2.172195440383661E11 3.486645505015299E10 -1584.83886591608 9873.615638107543 3.50e12 earth.gif
2.0894845738396054E11 6.88515951657129E10 -3129.6179620778935 9497.657153816377 3.50e12 earth.gif
1.9539580723857825E11 1.0109638229721362E11 -4595.290104418832 8881.627601753542 3.50e12 earth.gif
1.7690416221033435E11 1.3078576907546062E11 -5944.807685248239 8041.098282287903 3.50e12 earth.gif
1.5394093325067612E11 1.571693006598645E11 -7144.059120902957 6997.3151477579795 3.50e12 earth.gif
1.2708655896741486E11 1.7958008388967242E11 -8162.731085894222 5776.661771246102 3.50e12 earth.gif
9.701983395211278E10 1.9745164425728256E11 -8975.074738967405 4409.99245236873 3.50e12 earth.gif
6.450075097582082E10 2.1033224461207834E11 -9560.556573276297 2931.8523170827316 3.50e12 earth.gif
3.0351290748796276E10 2.178963036627332E11 -9904.37743921515 1379.604124945253 3.50e12 earth.gif
-4.565355181007997E9 2.1995262565396042E11 -9997.846620634562 -207.51614459130968 3.50e12 earth.gif
-3.9366603210539505E10 2.1644923319721866E11 -9838.601508964477 -1789.391055024557 3.50e12 earth.gif
-7.317278663474353E10 2.0747468109652875E11 -9430.667322569478 -3326.0357561247374 3.50e12 earth.gif
-1.0512939086960268E11 1.932558179599939E11 -8784.355361817888 -4778.6086758910615 3.50e12 earth.gif
-1.3442865290822241E11 1.741520521764836E11 -7916.002371658325 -6110.393314010136 3.50e12 earth.gif
-1.603299790432687E11 1.5064626719565613E11 -6847.557599802525 -7287.726320148602 3.50e12 earth.gif
-1.8217866475959225E11 1.2333261574462814E11 -5606.027988392159 -8280.848398163304 3.50e12 earth.gif
-1.9942244361670383E11 9.290150150531786E10 -4222.795522968966 -9064.656528032006 3.50e12 earth.gif
-2.116254468171094E11 6.012212786868745E10 -2732.8239940312183 -9619.338491686798 3.50e12 earth.gif
-2.184792206062779E11 2.5823054878797043E10 -1173.7752217634672 -9930.873663921726 3.50e12 earth.gif
-2.198105230188295E11 -9.128744173687458E9 414.9429169858328 -9991.387409946794 3.50e12 earth.gif
-2.1558570289358496E11 -4.384979712471787E10 1993.1725965781236 -9799.35013152658 3.50e12 earth.gif
-2.059115504696722E11 -7.746246435000401E10 3521.0211068183967 -9359.615930439633 3.50e12 earth.gif
-1.910325980632805E11 -1.0911712274979176E11 4959.869215899652 -8683.29991196728 3.50e12 earth.gif
-1.713249390555118E11 -1.3801364156352505E11 6273.347343796617 -7787.497229795971 3.50e12 earth.gif
-1.4728672142798438E11 -1.6342160717296637E11 7428.254871498494 -6694.850973999263 3.50e12 earth.gif
-1.1952555613987547E11 -1.846987856740089E11 8395.399348818604 -5432.979824539765 3.50e12 earth.gif
-8.874315862325107E10 -2.0130735654110733E11 9150.334388232164 -4033.779937420471 3.50e12 earth.gif
-5.571761161164245E10 -2.12827507048065E11 9673.977593093874 -2532.6187096200774 3.50e12 earth.gif
-2.1283697642092052E10 -2.1896804382073654E11 9953.092900942574 -967.4408019132403 3.50e12 earth.gif
1.3688201636499874E10 -2.1957375329478366E11 9980.625149762891 622.1909834773019 3.50e12 earth.gif
4.8314105989234764E10 -2.1462932502913248E11 9755.878410415104 2196.0957267834324 3.50e12 earth.gif
8.17187808507991E10 -2.0425973870603836E11 9284.533577547187 3714.490038672719 3.50e12 earth.gif
1.1305786051787198E11 -1.8872710503560797E11 8578.504774345798 5138.993659903302 3.50e12 earth.gif
1.415391910732493E11 -1.684240404168307E11 7655.638200765009 6433.599594238632 3.50e12 earth.gif
1.6644285355931354E11 -1.438637428229674E11 6539.261037407583 7565.584252696092 3.50e12 earth.gif
1.8713936127764722E11 -1.1566701976187604E11 5257.591807357972 8506.334603529438 3.50e12 earth.gif
2.031055712439736E11 -8.45465962038636E10 3843.027100175586 9232.071420180631 3.50e12 earth.gif
2.1393790760660577E11 -5.1289099123570175E10 2331.322687434974 9724.450345754816 3.50e12 earth.gif
2.1936256278174454E11 -1.6735174030322533E10 760.6897286509893 9971.025580988391 3.50e12 earth.gif
2.1924241845283063E11 1.8241763921121204E10 -829.1710873237259 9965.564475128662 3.50e12 earth.gif
2.135805114927329E11 5.2757607133972404E10 -2398.0730515442256 9708.205067851492 3.50e12 earth.gif
2.0251995720110077E11 8.593990304430367E10 -3906.359229286554 9205.452600050025 3.50e12 earth.gif
1.8634033179719916E11 1.1694990699316406E11 -5315.904863325669 8470.015081690852 3.50e12 earth.gif
1.6545060560749417E11 1.4500378306828214E11 -6591.081048558305 7520.482073067893 3.50e12 earth.gif
1.403788055749046E11 1.6939241702438492E11 -7699.655319290247 6380.854798859274 3.50e12 earth.gif
1.1175866838915344E11 1.8949934047347824E11 -8613.606385158124 5079.9394722342095 3.50e12 earth.gif
8.031362160533948E10 2.048163132776155E11 -9309.832421709812 3650.619163879027 3.50e12 earth.gif
4.683849765795301E10 2.1495617027000162E11 -9770.735012272811 2129.022620816003 3.50e12 earth.gif
1.2179442982866234E10 2.1966260757950385E11 -9984.663980886542 553.6110446756942 3.50e12 earth.gif
-2.2787469918139355E10 2.188166611908926E11 -9946.211872313297 -1035.7940871881872 3.50e12 earth.gif
-5.717838685019564E10 2.1243971398307187E11 -9656.350635594166 -2599.0175840998354 3.50e12 earth.gif
-9.012401299503159E10 2.00692955236778E11 -9122.407056217167 -4096.546045228741 3.50e12 earth.gif
-1.2079158596515472E11 1.8387330627370206E11 -8357.877557895528 -5490.526634779789 3.50e12 earth.gif
-1.4840592543244092E11 1.6240591521413492E11 -7382.087055187928 -6745.723883292794 3.50e12 earth.gif
-1.7226902726235986E11 1.3683341056218803E11 -6219.700480099428 -7830.410330107289 3.50e12 earth.gif
-1.9177770687540152E11 1.078021852543471E11 -4900.0993297430205 -8717.16849433645 3.50e12 earth.gif
-2.064388458667141E11 7.60460578677097E10 -3456.6389939867718 -9383.583903032471 3.50e12 earth.gif
-2.1588185649709097E11 4.2367723981462906E10 -1925.8056355210072 -9812.811658958686 3.50e12 earth.gif
-2.198680489919593E11 7.618466543169577E9 -346.29393378040044 -9994.002226907241 3.50e12 earth.gif
-2.182966648723502E11 -2.732336190165525E10 1241.9709955298188 -9922.575676015913 3.50e12 earth.gif
-2.112074238141128E11 -6.157454121474026E10 2798.8427824882274 -9600.337446096026 3.50e12 earth.gif
-1.9877951965873627E11 -9.426930870777658E10 4284.9685776262395 -9035.432711760724 3.50e12 earth.gif
-1.8132709095348828E11 -1.2458124291539793E11 5662.783768881753 -8242.140497885812 3.50e12 earth.gif
-1.5929128051144608E11 -1.5174415294509308E11 6897.461497504256 -7240.512750520253 3.50e12 earth.gif
-1.3322908470090977E11 -1.75071445386613E11 7957.792972118794 -6055.867486404963 3.50e12 earth.gif
-1.0379927431928548E11 -1.9397347924597763E11 8816.976329362637 -4718.148832694764 3.50e12 earth.gif
-7.174574292771309E10 -2.0797247022562988E11 9453.294101165005 -3261.170133077834 3.50e12 earth.gif
-3.7878703548456566E10 -2.167145676171497E11 9850.6621644159 -1721.7592522025368 3.50e12 earth.gif
-3.054209013743049E9 -2.199787985404511E11 9999.036297293233 -138.82768244283096 3.50e12 earth.gif
3.184748637242809E10 -2.176826534470719E11 9894.666065775991 1447.6130169285839 3.50e12 earth.gif
6.5944176909987656E10 -2.0988417170349994E11 9540.189622886352 2997.462586817654 3.50e12 earth.gif
9.837400490368887E10 -1.967804745375135E11 8944.567024432416 4471.545677440435 3.50e12 earth.gif
1.2831724573007826E11 -1.7870278243006378E11 8122.853746821061 5832.6020786399495 3.50e12 earth.gif
1.5501702791218942E11 -1.5610804289744806E11 7095.820131702159 7046.228541463181 3.50e12 earth.gif
1.777984644632713E11 -1.2956738028725764E11 5889.426376693502 8081.748384694171 3.50e12 earth.gif
1.960857119190236E11 -9.975165954113092E10 4534.166342778647 8912.986905410178 3.50e12 earth.gif
2.0941652585935324E11 -6.741452882724042E10 3064.296764874531 9518.932993606977 3.50e12 earth.gif
2.1745394500158926E11 -3.3373369671727703E10 1516.9713487148613 9884.27022734497 3.50e12 earth.gif
2.1999480852782083E11 1.5113638898174536E9 -68.69835862810098 9999.764023991856 3.50e12 earth.gif
2.1697489135496436E11 3.635789489920185E10 -1652.6315863273912 9862.495061589283 3.50e12 earth.gif
2.0847052754399167E11 7.028541203926895E10 -3194.79145633044 9475.933070181429 3.50e12 earth.gif
1.9469668081361295E11 1.0243633378914984E11 -4656.196990415933 8849.84912789148 3.50e12 earth.gif
1.7600151092979285E11 1.3199798540292197E11 -5999.908427405571 8000.068678626928 3.50e12 earth.gif
1.5285757331577896E11 1.5822314078544662E11 -7191.9609447930525 6948.071514353564 3.50e12 earth.gif
1.258498743289764E11 1.8044891003101364E11 -8202.223183227912 5720.448833135262 3.50e12 earth.gif
9.566108412991159E10 1.9811349520688885E11 -9005.158873040418 4348.231096814133 3.50e12 earth.gif
6.305428091570669E10 2.1077039084796313E11 -9580.472311271062 2866.1036779866345 3.50e12 earth.gif
2.8853662689877987E10 2.1809967021840897E11 -9913.621373564049 1311.5301222671467 3.50e12 earth.gif
-6.076285885414766E9 2.1991607205895322E11 -9996.185093588781 -276.19481297343333 3.50e12 earth.gif
-4.085264495784667E10 2.1617368341208447E11 -9826.076518731106 -1856.938407174883 3.50e12 earth.gif
-7.459637693735532E10 2.069671001580203E11 -9407.59546172819 -3390.7444062434392 3.50e12 earth.gif
-1.0645454581712033E11 1.9252903592671582E11 -8751.319814850702 -4838.842991687318 3.50e12 earth.gif
-1.3562187672815622E11 1.7322443982513782E11 -7873.83817386988 -6164.630760370764 3.50e12 earth.gif
-1.6136111076940317E11 1.495412716652644E11 -6797.330530239265 -7334.5959440638035 3.50e12 earth.gif
-1.8302164060688046E11 1.2207816786619092E11 -5549.007630281376 -8319.16548213095 3.50e12 earth.gif
-2.0005595579223575E11 9.152930979776381E10 -4160.423172625596 -9093.45253601073 3.50e12 earth.gif
-2.120334821144738E11 5.866687704668733E10 -2666.6762293948454 -9637.88555065791 3.50e12 earth.gif
-2.1865146516933734E11 2.432152913165716E10 -1105.5240514389272 -9938.70296224261 3.50e12 earth.gif
-2.1974262304374573E11 -1.063859097128325E10 483.572316876564 -9988.301047442985 3.50e12 earth.gif
0.0 0.0 0.0 0.0 2e30 sun.gif

Creator of universe: John Colosimo, COS 126, Fall 2006

This universe consists of 100 earths evenly spaced in a circle
around the sun, and all orbiting around it in highly elliptical orbits.  
They close in on the sun, only to be flung back out to their original 
position.
