601
2.5E11
0.0 0.0 0.0 0.0 5.0e30 sun.gif
1.6666666666666667E9 0.0 0.0 -20000.0 2.0E10 pluto.gif
-1.6666666666666667E9 0.0 0.0 20000.0 2.0E10 pluto.gif
0.0 1.6666666666666667E9 20000.0 0.0 2.0E10 pluto.gif
0.0 -1.6666666666666667E9 -20000.0 0.0 2.0E10 pluto.gif
3.3333333333333335E9 0.0 0.0 -20000.0 2.0E10 pluto.gif
-3.3333333333333335E9 0.0 0.0 20000.0 2.0E10 pluto.gif
0.0 3.3333333333333335E9 20000.0 0.0 2.0E10 pluto.gif
0.0 -3.3333333333333335E9 -20000.0 0.0 2.0E10 pluto.gif
5.0E9 0.0 0.0 -20000.0 2.0E10 pluto.gif
-5.0E9 0.0 0.0 20000.0 2.0E10 pluto.gif
0.0 5.0E9 20000.0 0.0 2.0E10 pluto.gif
0.0 -5.0E9 -20000.0 0.0 2.0E10 pluto.gif
6.666666666666667E9 0.0 0.0 -20000.0 2.0E10 pluto.gif
-6.666666666666667E9 0.0 0.0 20000.0 2.0E10 pluto.gif
0.0 6.666666666666667E9 20000.0 0.0 2.0E10 pluto.gif
0.0 -6.666666666666667E9 -20000.0 0.0 2.0E10 pluto.gif
8.333333333333333E9 0.0 0.0 -20000.0 2.0E10 pluto.gif
-8.333333333333333E9 0.0 0.0 20000.0 2.0E10 pluto.gif
0.0 8.333333333333333E9 20000.0 0.0 2.0E10 pluto.gif
0.0 -8.333333333333333E9 -20000.0 0.0 2.0E10 pluto.gif
1.0E10 0.0 0.0 -20000.0 2.0E10 pluto.gif
-1.0E10 0.0 0.0 20000.0 2.0E10 pluto.gif
0.0 1.0E10 20000.0 0.0 2.0E10 pluto.gif
0.0 -1.0E10 -20000.0 0.0 2.0E10 pluto.gif
1.1666666666666668E10 0.0 0.0 -20000.0 2.0E10 pluto.gif
-1.1666666666666668E10 0.0 0.0 20000.0 2.0E10 pluto.gif
0.0 1.1666666666666668E10 20000.0 0.0 2.0E10 pluto.gif
0.0 -1.1666666666666668E10 -20000.0 0.0 2.0E10 pluto.gif
1.3333333333333334E10 0.0 0.0 -20000.0 2.0E10 pluto.gif
-1.3333333333333334E10 0.0 0.0 20000.0 2.0E10 pluto.gif
0.0 1.3333333333333334E10 20000.0 0.0 2.0E10 pluto.gif
0.0 -1.3333333333333334E10 -20000.0 0.0 2.0E10 pluto.gif
1.5E10 0.0 0.0 -20000.0 2.0E10 pluto.gif
-1.5E10 0.0 0.0 20000.0 2.0E10 pluto.gif
0.0 1.5E10 20000.0 0.0 2.0E10 pluto.gif
0.0 -1.5E10 -20000.0 0.0 2.0E10 pluto.gif
1.6666666666666666E10 0.0 0.0 -20000.0 2.0E10 pluto.gif
-1.6666666666666666E10 0.0 0.0 20000.0 2.0E10 pluto.gif
0.0 1.6666666666666666E10 20000.0 0.0 2.0E10 pluto.gif
0.0 -1.6666666666666666E10 -20000.0 0.0 2.0E10 pluto.gif
1.8333333333333332E10 0.0 0.0 -20000.0 2.0E10 pluto.gif
-1.8333333333333332E10 0.0 0.0 20000.0 2.0E10 pluto.gif
0.0 1.8333333333333332E10 20000.0 0.0 2.0E10 pluto.gif
0.0 -1.8333333333333332E10 -20000.0 0.0 2.0E10 pluto.gif
2.0E10 0.0 0.0 -20000.0 2.0E10 pluto.gif
-2.0E10 0.0 0.0 20000.0 2.0E10 pluto.gif
0.0 2.0E10 20000.0 0.0 2.0E10 pluto.gif
0.0 -2.0E10 -20000.0 0.0 2.0E10 pluto.gif
2.1666666666666668E10 0.0 0.0 -20000.0 2.0E10 pluto.gif
-2.1666666666666668E10 0.0 0.0 20000.0 2.0E10 pluto.gif
0.0 2.1666666666666668E10 20000.0 0.0 2.0E10 pluto.gif
0.0 -2.1666666666666668E10 -20000.0 0.0 2.0E10 pluto.gif
2.3333333333333336E10 0.0 0.0 -20000.0 2.0E10 pluto.gif
-2.3333333333333336E10 0.0 0.0 20000.0 2.0E10 pluto.gif
0.0 2.3333333333333336E10 20000.0 0.0 2.0E10 pluto.gif
0.0 -2.3333333333333336E10 -20000.0 0.0 2.0E10 pluto.gif
2.5E10 0.0 0.0 -20000.0 2.0E10 pluto.gif
-2.5E10 0.0 0.0 20000.0 2.0E10 pluto.gif
0.0 2.5E10 20000.0 0.0 2.0E10 pluto.gif
0.0 -2.5E10 -20000.0 0.0 2.0E10 pluto.gif
2.6666666666666668E10 0.0 0.0 -20000.0 2.0E10 pluto.gif
-2.6666666666666668E10 0.0 0.0 20000.0 2.0E10 pluto.gif
0.0 2.6666666666666668E10 20000.0 0.0 2.0E10 pluto.gif
0.0 -2.6666666666666668E10 -20000.0 0.0 2.0E10 pluto.gif
2.8333333333333332E10 0.0 0.0 -20000.0 2.0E10 pluto.gif
-2.8333333333333332E10 0.0 0.0 20000.0 2.0E10 pluto.gif
0.0 2.8333333333333332E10 20000.0 0.0 2.0E10 pluto.gif
0.0 -2.8333333333333332E10 -20000.0 0.0 2.0E10 pluto.gif
3.0E10 0.0 0.0 -20000.0 2.0E10 pluto.gif
-3.0E10 0.0 0.0 20000.0 2.0E10 pluto.gif
0.0 3.0E10 20000.0 0.0 2.0E10 pluto.gif
0.0 -3.0E10 -20000.0 0.0 2.0E10 pluto.gif
3.1666666666666668E10 0.0 0.0 -20000.0 2.0E10 pluto.gif
-3.1666666666666668E10 0.0 0.0 20000.0 2.0E10 pluto.gif
0.0 3.1666666666666668E10 20000.0 0.0 2.0E10 pluto.gif
0.0 -3.1666666666666668E10 -20000.0 0.0 2.0E10 pluto.gif
3.3333333333333332E10 0.0 0.0 -20000.0 2.0E10 pluto.gif
-3.3333333333333332E10 0.0 0.0 20000.0 2.0E10 pluto.gif
0.0 3.3333333333333332E10 20000.0 0.0 2.0E10 pluto.gif
0.0 -3.3333333333333332E10 -20000.0 0.0 2.0E10 pluto.gif
3.5E10 0.0 0.0 -20000.0 2.0E10 pluto.gif
-3.5E10 0.0 0.0 20000.0 2.0E10 pluto.gif
0.0 3.5E10 20000.0 0.0 2.0E10 pluto.gif
0.0 -3.5E10 -20000.0 0.0 2.0E10 pluto.gif
3.6666666666666664E10 0.0 0.0 -20000.0 2.0E10 pluto.gif
-3.6666666666666664E10 0.0 0.0 20000.0 2.0E10 pluto.gif
0.0 3.6666666666666664E10 20000.0 0.0 2.0E10 pluto.gif
0.0 -3.6666666666666664E10 -20000.0 0.0 2.0E10 pluto.gif
3.833333333333333E10 0.0 0.0 -20000.0 2.0E10 pluto.gif
-3.833333333333333E10 0.0 0.0 20000.0 2.0E10 pluto.gif
0.0 3.833333333333333E10 20000.0 0.0 2.0E10 pluto.gif
0.0 -3.833333333333333E10 -20000.0 0.0 2.0E10 pluto.gif
4.0E10 0.0 0.0 -20000.0 2.0E10 pluto.gif
-4.0E10 0.0 0.0 20000.0 2.0E10 pluto.gif
0.0 4.0E10 20000.0 0.0 2.0E10 pluto.gif
0.0 -4.0E10 -20000.0 0.0 2.0E10 pluto.gif
4.1666666666666664E10 0.0 0.0 -20000.0 2.0E10 pluto.gif
-4.1666666666666664E10 0.0 0.0 20000.0 2.0E10 pluto.gif
0.0 4.1666666666666664E10 20000.0 0.0 2.0E10 pluto.gif
0.0 -4.1666666666666664E10 -20000.0 0.0 2.0E10 pluto.gif
4.3333333333333336E10 0.0 0.0 -20000.0 2.0E10 pluto.gif
-4.3333333333333336E10 0.0 0.0 20000.0 2.0E10 pluto.gif
0.0 4.3333333333333336E10 20000.0 0.0 2.0E10 pluto.gif
0.0 -4.3333333333333336E10 -20000.0 0.0 2.0E10 pluto.gif
4.5E10 0.0 0.0 -20000.0 2.0E10 pluto.gif
-4.5E10 0.0 0.0 20000.0 2.0E10 pluto.gif
0.0 4.5E10 20000.0 0.0 2.0E10 pluto.gif
0.0 -4.5E10 -20000.0 0.0 2.0E10 pluto.gif
4.666666666666667E10 0.0 0.0 -20000.0 2.0E10 pluto.gif
-4.666666666666667E10 0.0 0.0 20000.0 2.0E10 pluto.gif
0.0 4.666666666666667E10 20000.0 0.0 2.0E10 pluto.gif
0.0 -4.666666666666667E10 -20000.0 0.0 2.0E10 pluto.gif
4.8333333333333336E10 0.0 0.0 -20000.0 2.0E10 pluto.gif
-4.8333333333333336E10 0.0 0.0 20000.0 2.0E10 pluto.gif
0.0 4.8333333333333336E10 20000.0 0.0 2.0E10 pluto.gif
0.0 -4.8333333333333336E10 -20000.0 0.0 2.0E10 pluto.gif
5.0E10 0.0 0.0 -20000.0 2.0E10 pluto.gif
-5.0E10 0.0 0.0 20000.0 2.0E10 pluto.gif
0.0 5.0E10 20000.0 0.0 2.0E10 pluto.gif
0.0 -5.0E10 -20000.0 0.0 2.0E10 pluto.gif
5.1666666666666664E10 0.0 0.0 -20000.0 2.0E10 pluto.gif
-5.1666666666666664E10 0.0 0.0 20000.0 2.0E10 pluto.gif
0.0 5.1666666666666664E10 20000.0 0.0 2.0E10 pluto.gif
0.0 -5.1666666666666664E10 -20000.0 0.0 2.0E10 pluto.gif
5.3333333333333336E10 0.0 0.0 -20000.0 2.0E10 pluto.gif
-5.3333333333333336E10 0.0 0.0 20000.0 2.0E10 pluto.gif
0.0 5.3333333333333336E10 20000.0 0.0 2.0E10 pluto.gif
0.0 -5.3333333333333336E10 -20000.0 0.0 2.0E10 pluto.gif
5.5E10 0.0 0.0 -20000.0 2.0E10 pluto.gif
-5.5E10 0.0 0.0 20000.0 2.0E10 pluto.gif
0.0 5.5E10 20000.0 0.0 2.0E10 pluto.gif
0.0 -5.5E10 -20000.0 0.0 2.0E10 pluto.gif
5.6666666666666664E10 0.0 0.0 -20000.0 2.0E10 pluto.gif
-5.6666666666666664E10 0.0 0.0 20000.0 2.0E10 pluto.gif
0.0 5.6666666666666664E10 20000.0 0.0 2.0E10 pluto.gif
0.0 -5.6666666666666664E10 -20000.0 0.0 2.0E10 pluto.gif
5.8333333333333336E10 0.0 0.0 -20000.0 2.0E10 pluto.gif
-5.8333333333333336E10 0.0 0.0 20000.0 2.0E10 pluto.gif
0.0 5.8333333333333336E10 20000.0 0.0 2.0E10 pluto.gif
0.0 -5.8333333333333336E10 -20000.0 0.0 2.0E10 pluto.gif
6.0E10 0.0 0.0 -20000.0 2.0E10 pluto.gif
-6.0E10 0.0 0.0 20000.0 2.0E10 pluto.gif
0.0 6.0E10 20000.0 0.0 2.0E10 pluto.gif
0.0 -6.0E10 -20000.0 0.0 2.0E10 pluto.gif
6.166666666666667E10 0.0 0.0 -20000.0 2.0E10 pluto.gif
-6.166666666666667E10 0.0 0.0 20000.0 2.0E10 pluto.gif
0.0 6.166666666666667E10 20000.0 0.0 2.0E10 pluto.gif
0.0 -6.166666666666667E10 -20000.0 0.0 2.0E10 pluto.gif
6.3333333333333336E10 0.0 0.0 -20000.0 2.0E10 pluto.gif
-6.3333333333333336E10 0.0 0.0 20000.0 2.0E10 pluto.gif
0.0 6.3333333333333336E10 20000.0 0.0 2.0E10 pluto.gif
0.0 -6.3333333333333336E10 -20000.0 0.0 2.0E10 pluto.gif
6.5E10 0.0 0.0 -20000.0 2.0E10 pluto.gif
-6.5E10 0.0 0.0 20000.0 2.0E10 pluto.gif
0.0 6.5E10 20000.0 0.0 2.0E10 pluto.gif
0.0 -6.5E10 -20000.0 0.0 2.0E10 pluto.gif
6.6666666666666664E10 0.0 0.0 -20000.0 2.0E10 pluto.gif
-6.6666666666666664E10 0.0 0.0 20000.0 2.0E10 pluto.gif
0.0 6.6666666666666664E10 20000.0 0.0 2.0E10 pluto.gif
0.0 -6.6666666666666664E10 -20000.0 0.0 2.0E10 pluto.gif
6.833333333333333E10 0.0 0.0 -20000.0 2.0E10 pluto.gif
-6.833333333333333E10 0.0 0.0 20000.0 2.0E10 pluto.gif
0.0 6.833333333333333E10 20000.0 0.0 2.0E10 pluto.gif
0.0 -6.833333333333333E10 -20000.0 0.0 2.0E10 pluto.gif
7.0E10 0.0 0.0 -20000.0 2.0E10 pluto.gif
-7.0E10 0.0 0.0 20000.0 2.0E10 pluto.gif
0.0 7.0E10 20000.0 0.0 2.0E10 pluto.gif
0.0 -7.0E10 -20000.0 0.0 2.0E10 pluto.gif
7.166666666666667E10 0.0 0.0 -20000.0 2.0E10 pluto.gif
-7.166666666666667E10 0.0 0.0 20000.0 2.0E10 pluto.gif
0.0 7.166666666666667E10 20000.0 0.0 2.0E10 pluto.gif
0.0 -7.166666666666667E10 -20000.0 0.0 2.0E10 pluto.gif
7.333333333333333E10 0.0 0.0 -20000.0 2.0E10 pluto.gif
-7.333333333333333E10 0.0 0.0 20000.0 2.0E10 pluto.gif
0.0 7.333333333333333E10 20000.0 0.0 2.0E10 pluto.gif
0.0 -7.333333333333333E10 -20000.0 0.0 2.0E10 pluto.gif
7.5E10 0.0 0.0 -20000.0 2.0E10 pluto.gif
-7.5E10 0.0 0.0 20000.0 2.0E10 pluto.gif
0.0 7.5E10 20000.0 0.0 2.0E10 pluto.gif
0.0 -7.5E10 -20000.0 0.0 2.0E10 pluto.gif
7.666666666666666E10 0.0 0.0 -20000.0 2.0E10 pluto.gif
-7.666666666666666E10 0.0 0.0 20000.0 2.0E10 pluto.gif
0.0 7.666666666666666E10 20000.0 0.0 2.0E10 pluto.gif
0.0 -7.666666666666666E10 -20000.0 0.0 2.0E10 pluto.gif
7.833333333333334E10 0.0 0.0 -20000.0 2.0E10 pluto.gif
-7.833333333333334E10 0.0 0.0 20000.0 2.0E10 pluto.gif
0.0 7.833333333333334E10 20000.0 0.0 2.0E10 pluto.gif
0.0 -7.833333333333334E10 -20000.0 0.0 2.0E10 pluto.gif
8.0E10 0.0 0.0 -20000.0 2.0E10 pluto.gif
-8.0E10 0.0 0.0 20000.0 2.0E10 pluto.gif
0.0 8.0E10 20000.0 0.0 2.0E10 pluto.gif
0.0 -8.0E10 -20000.0 0.0 2.0E10 pluto.gif
8.166666666666667E10 0.0 0.0 -20000.0 2.0E10 pluto.gif
-8.166666666666667E10 0.0 0.0 20000.0 2.0E10 pluto.gif
0.0 8.166666666666667E10 20000.0 0.0 2.0E10 pluto.gif
0.0 -8.166666666666667E10 -20000.0 0.0 2.0E10 pluto.gif
8.333333333333333E10 0.0 0.0 -20000.0 2.0E10 pluto.gif
-8.333333333333333E10 0.0 0.0 20000.0 2.0E10 pluto.gif
0.0 8.333333333333333E10 20000.0 0.0 2.0E10 pluto.gif
0.0 -8.333333333333333E10 -20000.0 0.0 2.0E10 pluto.gif
8.5E10 0.0 0.0 -20000.0 2.0E10 pluto.gif
-8.5E10 0.0 0.0 20000.0 2.0E10 pluto.gif
0.0 8.5E10 20000.0 0.0 2.0E10 pluto.gif
0.0 -8.5E10 -20000.0 0.0 2.0E10 pluto.gif
8.666666666666667E10 0.0 0.0 -20000.0 2.0E10 pluto.gif
-8.666666666666667E10 0.0 0.0 20000.0 2.0E10 pluto.gif
0.0 8.666666666666667E10 20000.0 0.0 2.0E10 pluto.gif
0.0 -8.666666666666667E10 -20000.0 0.0 2.0E10 pluto.gif
8.833333333333333E10 0.0 0.0 -20000.0 2.0E10 pluto.gif
-8.833333333333333E10 0.0 0.0 20000.0 2.0E10 pluto.gif
0.0 8.833333333333333E10 20000.0 0.0 2.0E10 pluto.gif
0.0 -8.833333333333333E10 -20000.0 0.0 2.0E10 pluto.gif
9.0E10 0.0 0.0 -20000.0 2.0E10 pluto.gif
-9.0E10 0.0 0.0 20000.0 2.0E10 pluto.gif
0.0 9.0E10 20000.0 0.0 2.0E10 pluto.gif
0.0 -9.0E10 -20000.0 0.0 2.0E10 pluto.gif
9.166666666666666E10 0.0 0.0 -20000.0 2.0E10 pluto.gif
-9.166666666666666E10 0.0 0.0 20000.0 2.0E10 pluto.gif
0.0 9.166666666666666E10 20000.0 0.0 2.0E10 pluto.gif
0.0 -9.166666666666666E10 -20000.0 0.0 2.0E10 pluto.gif
9.333333333333334E10 0.0 0.0 -20000.0 2.0E10 pluto.gif
-9.333333333333334E10 0.0 0.0 20000.0 2.0E10 pluto.gif
0.0 9.333333333333334E10 20000.0 0.0 2.0E10 pluto.gif
0.0 -9.333333333333334E10 -20000.0 0.0 2.0E10 pluto.gif
9.5E10 0.0 0.0 -20000.0 2.0E10 pluto.gif
-9.5E10 0.0 0.0 20000.0 2.0E10 pluto.gif
0.0 9.5E10 20000.0 0.0 2.0E10 pluto.gif
0.0 -9.5E10 -20000.0 0.0 2.0E10 pluto.gif
9.666666666666667E10 0.0 0.0 -20000.0 2.0E10 pluto.gif
-9.666666666666667E10 0.0 0.0 20000.0 2.0E10 pluto.gif
0.0 9.666666666666667E10 20000.0 0.0 2.0E10 pluto.gif
0.0 -9.666666666666667E10 -20000.0 0.0 2.0E10 pluto.gif
9.833333333333333E10 0.0 0.0 -20000.0 2.0E10 pluto.gif
-9.833333333333333E10 0.0 0.0 20000.0 2.0E10 pluto.gif
0.0 9.833333333333333E10 20000.0 0.0 2.0E10 pluto.gif
0.0 -9.833333333333333E10 -20000.0 0.0 2.0E10 pluto.gif
1.0E11 0.0 0.0 -20000.0 2.0E10 pluto.gif
-1.0E11 0.0 0.0 20000.0 2.0E10 pluto.gif
0.0 1.0E11 20000.0 0.0 2.0E10 pluto.gif
0.0 -1.0E11 -20000.0 0.0 2.0E10 pluto.gif
1.0166666666666667E11 0.0 0.0 -20000.0 2.0E10 pluto.gif
-1.0166666666666667E11 0.0 0.0 20000.0 2.0E10 pluto.gif
0.0 1.0166666666666667E11 20000.0 0.0 2.0E10 pluto.gif
0.0 -1.0166666666666667E11 -20000.0 0.0 2.0E10 pluto.gif
1.0333333333333333E11 0.0 0.0 -20000.0 2.0E10 pluto.gif
-1.0333333333333333E11 0.0 0.0 20000.0 2.0E10 pluto.gif
0.0 1.0333333333333333E11 20000.0 0.0 2.0E10 pluto.gif
0.0 -1.0333333333333333E11 -20000.0 0.0 2.0E10 pluto.gif
1.05E11 0.0 0.0 -20000.0 2.0E10 pluto.gif
-1.05E11 0.0 0.0 20000.0 2.0E10 pluto.gif
0.0 1.05E11 20000.0 0.0 2.0E10 pluto.gif
0.0 -1.05E11 -20000.0 0.0 2.0E10 pluto.gif
1.0666666666666667E11 0.0 0.0 -20000.0 2.0E10 pluto.gif
-1.0666666666666667E11 0.0 0.0 20000.0 2.0E10 pluto.gif
0.0 1.0666666666666667E11 20000.0 0.0 2.0E10 pluto.gif
0.0 -1.0666666666666667E11 -20000.0 0.0 2.0E10 pluto.gif
1.0833333333333334E11 0.0 0.0 -20000.0 2.0E10 pluto.gif
-1.0833333333333334E11 0.0 0.0 20000.0 2.0E10 pluto.gif
0.0 1.0833333333333334E11 20000.0 0.0 2.0E10 pluto.gif
0.0 -1.0833333333333334E11 -20000.0 0.0 2.0E10 pluto.gif
1.1E11 0.0 0.0 -20000.0 2.0E10 pluto.gif
-1.1E11 0.0 0.0 20000.0 2.0E10 pluto.gif
0.0 1.1E11 20000.0 0.0 2.0E10 pluto.gif
0.0 -1.1E11 -20000.0 0.0 2.0E10 pluto.gif
1.1166666666666666E11 0.0 0.0 -20000.0 2.0E10 pluto.gif
-1.1166666666666666E11 0.0 0.0 20000.0 2.0E10 pluto.gif
0.0 1.1166666666666666E11 20000.0 0.0 2.0E10 pluto.gif
0.0 -1.1166666666666666E11 -20000.0 0.0 2.0E10 pluto.gif
1.1333333333333333E11 0.0 0.0 -20000.0 2.0E10 pluto.gif
-1.1333333333333333E11 0.0 0.0 20000.0 2.0E10 pluto.gif
0.0 1.1333333333333333E11 20000.0 0.0 2.0E10 pluto.gif
0.0 -1.1333333333333333E11 -20000.0 0.0 2.0E10 pluto.gif
1.15E11 0.0 0.0 -20000.0 2.0E10 pluto.gif
-1.15E11 0.0 0.0 20000.0 2.0E10 pluto.gif
0.0 1.15E11 20000.0 0.0 2.0E10 pluto.gif
0.0 -1.15E11 -20000.0 0.0 2.0E10 pluto.gif
1.1666666666666667E11 0.0 0.0 -20000.0 2.0E10 pluto.gif
-1.1666666666666667E11 0.0 0.0 20000.0 2.0E10 pluto.gif
0.0 1.1666666666666667E11 20000.0 0.0 2.0E10 pluto.gif
0.0 -1.1666666666666667E11 -20000.0 0.0 2.0E10 pluto.gif
1.1833333333333333E11 0.0 0.0 -20000.0 2.0E10 pluto.gif
-1.1833333333333333E11 0.0 0.0 20000.0 2.0E10 pluto.gif
0.0 1.1833333333333333E11 20000.0 0.0 2.0E10 pluto.gif
0.0 -1.1833333333333333E11 -20000.0 0.0 2.0E10 pluto.gif
1.2E11 0.0 0.0 -20000.0 2.0E10 pluto.gif
-1.2E11 0.0 0.0 20000.0 2.0E10 pluto.gif
0.0 1.2E11 20000.0 0.0 2.0E10 pluto.gif
0.0 -1.2E11 -20000.0 0.0 2.0E10 pluto.gif
1.2166666666666667E11 0.0 0.0 -20000.0 2.0E10 pluto.gif
-1.2166666666666667E11 0.0 0.0 20000.0 2.0E10 pluto.gif
0.0 1.2166666666666667E11 20000.0 0.0 2.0E10 pluto.gif
0.0 -1.2166666666666667E11 -20000.0 0.0 2.0E10 pluto.gif
1.2333333333333334E11 0.0 0.0 -20000.0 2.0E10 pluto.gif
-1.2333333333333334E11 0.0 0.0 20000.0 2.0E10 pluto.gif
0.0 1.2333333333333334E11 20000.0 0.0 2.0E10 pluto.gif
0.0 -1.2333333333333334E11 -20000.0 0.0 2.0E10 pluto.gif
1.25E11 0.0 0.0 -20000.0 2.0E10 pluto.gif
-1.25E11 0.0 0.0 20000.0 2.0E10 pluto.gif
0.0 1.25E11 20000.0 0.0 2.0E10 pluto.gif
0.0 -1.25E11 -20000.0 0.0 2.0E10 pluto.gif
1.2666666666666667E11 0.0 0.0 -20000.0 2.0E10 pluto.gif
-1.2666666666666667E11 0.0 0.0 20000.0 2.0E10 pluto.gif
0.0 1.2666666666666667E11 20000.0 0.0 2.0E10 pluto.gif
0.0 -1.2666666666666667E11 -20000.0 0.0 2.0E10 pluto.gif
1.2833333333333333E11 0.0 0.0 -20000.0 2.0E10 pluto.gif
-1.2833333333333333E11 0.0 0.0 20000.0 2.0E10 pluto.gif
0.0 1.2833333333333333E11 20000.0 0.0 2.0E10 pluto.gif
0.0 -1.2833333333333333E11 -20000.0 0.0 2.0E10 pluto.gif
1.3E11 0.0 0.0 -20000.0 2.0E10 pluto.gif
-1.3E11 0.0 0.0 20000.0 2.0E10 pluto.gif
0.0 1.3E11 20000.0 0.0 2.0E10 pluto.gif
0.0 -1.3E11 -20000.0 0.0 2.0E10 pluto.gif
1.3166666666666666E11 0.0 0.0 -20000.0 2.0E10 pluto.gif
-1.3166666666666666E11 0.0 0.0 20000.0 2.0E10 pluto.gif
0.0 1.3166666666666666E11 20000.0 0.0 2.0E10 pluto.gif
0.0 -1.3166666666666666E11 -20000.0 0.0 2.0E10 pluto.gif
1.3333333333333333E11 0.0 0.0 -20000.0 2.0E10 pluto.gif
-1.3333333333333333E11 0.0 0.0 20000.0 2.0E10 pluto.gif
0.0 1.3333333333333333E11 20000.0 0.0 2.0E10 pluto.gif
0.0 -1.3333333333333333E11 -20000.0 0.0 2.0E10 pluto.gif
1.3500000000000002E11 0.0 0.0 -20000.0 2.0E10 pluto.gif
-1.3500000000000002E11 0.0 0.0 20000.0 2.0E10 pluto.gif
0.0 1.3500000000000002E11 20000.0 0.0 2.0E10 pluto.gif
0.0 -1.3500000000000002E11 -20000.0 0.0 2.0E10 pluto.gif
1.3666666666666666E11 0.0 0.0 -20000.0 2.0E10 pluto.gif
-1.3666666666666666E11 0.0 0.0 20000.0 2.0E10 pluto.gif
0.0 1.3666666666666666E11 20000.0 0.0 2.0E10 pluto.gif
0.0 -1.3666666666666666E11 -20000.0 0.0 2.0E10 pluto.gif
1.3833333333333334E11 0.0 0.0 -20000.0 2.0E10 pluto.gif
-1.3833333333333334E11 0.0 0.0 20000.0 2.0E10 pluto.gif
0.0 1.3833333333333334E11 20000.0 0.0 2.0E10 pluto.gif
0.0 -1.3833333333333334E11 -20000.0 0.0 2.0E10 pluto.gif
1.4E11 0.0 0.0 -20000.0 2.0E10 pluto.gif
-1.4E11 0.0 0.0 20000.0 2.0E10 pluto.gif
0.0 1.4E11 20000.0 0.0 2.0E10 pluto.gif
0.0 -1.4E11 -20000.0 0.0 2.0E10 pluto.gif
1.4166666666666666E11 0.0 0.0 -20000.0 2.0E10 pluto.gif
-1.4166666666666666E11 0.0 0.0 20000.0 2.0E10 pluto.gif
0.0 1.4166666666666666E11 20000.0 0.0 2.0E10 pluto.gif
0.0 -1.4166666666666666E11 -20000.0 0.0 2.0E10 pluto.gif
1.4333333333333334E11 0.0 0.0 -20000.0 2.0E10 pluto.gif
-1.4333333333333334E11 0.0 0.0 20000.0 2.0E10 pluto.gif
0.0 1.4333333333333334E11 20000.0 0.0 2.0E10 pluto.gif
0.0 -1.4333333333333334E11 -20000.0 0.0 2.0E10 pluto.gif
1.45E11 0.0 0.0 -20000.0 2.0E10 pluto.gif
-1.45E11 0.0 0.0 20000.0 2.0E10 pluto.gif
0.0 1.45E11 20000.0 0.0 2.0E10 pluto.gif
0.0 -1.45E11 -20000.0 0.0 2.0E10 pluto.gif
1.4666666666666666E11 0.0 0.0 -20000.0 2.0E10 pluto.gif
-1.4666666666666666E11 0.0 0.0 20000.0 2.0E10 pluto.gif
0.0 1.4666666666666666E11 20000.0 0.0 2.0E10 pluto.gif
0.0 -1.4666666666666666E11 -20000.0 0.0 2.0E10 pluto.gif
1.4833333333333334E11 0.0 0.0 -20000.0 2.0E10 pluto.gif
-1.4833333333333334E11 0.0 0.0 20000.0 2.0E10 pluto.gif
0.0 1.4833333333333334E11 20000.0 0.0 2.0E10 pluto.gif
0.0 -1.4833333333333334E11 -20000.0 0.0 2.0E10 pluto.gif
1.5E11 0.0 0.0 -20000.0 2.0E10 pluto.gif
-1.5E11 0.0 0.0 20000.0 2.0E10 pluto.gif
0.0 1.5E11 20000.0 0.0 2.0E10 pluto.gif
0.0 -1.5E11 -20000.0 0.0 2.0E10 pluto.gif
1.516666666666667E11 0.0 0.0 -20000.0 2.0E10 pluto.gif
-1.516666666666667E11 0.0 0.0 20000.0 2.0E10 pluto.gif
0.0 1.516666666666667E11 20000.0 0.0 2.0E10 pluto.gif
0.0 -1.516666666666667E11 -20000.0 0.0 2.0E10 pluto.gif
1.533333333333333E11 0.0 0.0 -20000.0 2.0E10 pluto.gif
-1.533333333333333E11 0.0 0.0 20000.0 2.0E10 pluto.gif
0.0 1.533333333333333E11 20000.0 0.0 2.0E10 pluto.gif
0.0 -1.533333333333333E11 -20000.0 0.0 2.0E10 pluto.gif
1.55E11 0.0 0.0 -20000.0 2.0E10 pluto.gif
-1.55E11 0.0 0.0 20000.0 2.0E10 pluto.gif
0.0 1.55E11 20000.0 0.0 2.0E10 pluto.gif
0.0 -1.55E11 -20000.0 0.0 2.0E10 pluto.gif
1.566666666666667E11 0.0 0.0 -20000.0 2.0E10 pluto.gif
-1.566666666666667E11 0.0 0.0 20000.0 2.0E10 pluto.gif
0.0 1.566666666666667E11 20000.0 0.0 2.0E10 pluto.gif
0.0 -1.566666666666667E11 -20000.0 0.0 2.0E10 pluto.gif
1.583333333333333E11 0.0 0.0 -20000.0 2.0E10 pluto.gif
-1.583333333333333E11 0.0 0.0 20000.0 2.0E10 pluto.gif
0.0 1.583333333333333E11 20000.0 0.0 2.0E10 pluto.gif
0.0 -1.583333333333333E11 -20000.0 0.0 2.0E10 pluto.gif
1.6E11 0.0 0.0 -20000.0 2.0E10 pluto.gif
-1.6E11 0.0 0.0 20000.0 2.0E10 pluto.gif
0.0 1.6E11 20000.0 0.0 2.0E10 pluto.gif
0.0 -1.6E11 -20000.0 0.0 2.0E10 pluto.gif
1.6166666666666666E11 0.0 0.0 -20000.0 2.0E10 pluto.gif
-1.6166666666666666E11 0.0 0.0 20000.0 2.0E10 pluto.gif
0.0 1.6166666666666666E11 20000.0 0.0 2.0E10 pluto.gif
0.0 -1.6166666666666666E11 -20000.0 0.0 2.0E10 pluto.gif
1.6333333333333334E11 0.0 0.0 -20000.0 2.0E10 pluto.gif
-1.6333333333333334E11 0.0 0.0 20000.0 2.0E10 pluto.gif
0.0 1.6333333333333334E11 20000.0 0.0 2.0E10 pluto.gif
0.0 -1.6333333333333334E11 -20000.0 0.0 2.0E10 pluto.gif
1.65E11 0.0 0.0 -20000.0 2.0E10 pluto.gif
-1.65E11 0.0 0.0 20000.0 2.0E10 pluto.gif
0.0 1.65E11 20000.0 0.0 2.0E10 pluto.gif
0.0 -1.65E11 -20000.0 0.0 2.0E10 pluto.gif
1.6666666666666666E11 0.0 0.0 -20000.0 2.0E10 pluto.gif
-1.6666666666666666E11 0.0 0.0 20000.0 2.0E10 pluto.gif
0.0 1.6666666666666666E11 20000.0 0.0 2.0E10 pluto.gif
0.0 -1.6666666666666666E11 -20000.0 0.0 2.0E10 pluto.gif
1.6833333333333334E11 0.0 0.0 -20000.0 2.0E10 pluto.gif
-1.6833333333333334E11 0.0 0.0 20000.0 2.0E10 pluto.gif
0.0 1.6833333333333334E11 20000.0 0.0 2.0E10 pluto.gif
0.0 -1.6833333333333334E11 -20000.0 0.0 2.0E10 pluto.gif
1.7E11 0.0 0.0 -20000.0 2.0E10 pluto.gif
-1.7E11 0.0 0.0 20000.0 2.0E10 pluto.gif
0.0 1.7E11 20000.0 0.0 2.0E10 pluto.gif
0.0 -1.7E11 -20000.0 0.0 2.0E10 pluto.gif
1.7166666666666666E11 0.0 0.0 -20000.0 2.0E10 pluto.gif
-1.7166666666666666E11 0.0 0.0 20000.0 2.0E10 pluto.gif
0.0 1.7166666666666666E11 20000.0 0.0 2.0E10 pluto.gif
0.0 -1.7166666666666666E11 -20000.0 0.0 2.0E10 pluto.gif
1.7333333333333334E11 0.0 0.0 -20000.0 2.0E10 pluto.gif
-1.7333333333333334E11 0.0 0.0 20000.0 2.0E10 pluto.gif
0.0 1.7333333333333334E11 20000.0 0.0 2.0E10 pluto.gif
0.0 -1.7333333333333334E11 -20000.0 0.0 2.0E10 pluto.gif
1.75E11 0.0 0.0 -20000.0 2.0E10 pluto.gif
-1.75E11 0.0 0.0 20000.0 2.0E10 pluto.gif
0.0 1.75E11 20000.0 0.0 2.0E10 pluto.gif
0.0 -1.75E11 -20000.0 0.0 2.0E10 pluto.gif
1.7666666666666666E11 0.0 0.0 -20000.0 2.0E10 pluto.gif
-1.7666666666666666E11 0.0 0.0 20000.0 2.0E10 pluto.gif
0.0 1.7666666666666666E11 20000.0 0.0 2.0E10 pluto.gif
0.0 -1.7666666666666666E11 -20000.0 0.0 2.0E10 pluto.gif
1.7833333333333334E11 0.0 0.0 -20000.0 2.0E10 pluto.gif
-1.7833333333333334E11 0.0 0.0 20000.0 2.0E10 pluto.gif
0.0 1.7833333333333334E11 20000.0 0.0 2.0E10 pluto.gif
0.0 -1.7833333333333334E11 -20000.0 0.0 2.0E10 pluto.gif
1.8E11 0.0 0.0 -20000.0 2.0E10 pluto.gif
-1.8E11 0.0 0.0 20000.0 2.0E10 pluto.gif
0.0 1.8E11 20000.0 0.0 2.0E10 pluto.gif
0.0 -1.8E11 -20000.0 0.0 2.0E10 pluto.gif
1.8166666666666666E11 0.0 0.0 -20000.0 2.0E10 pluto.gif
-1.8166666666666666E11 0.0 0.0 20000.0 2.0E10 pluto.gif
0.0 1.8166666666666666E11 20000.0 0.0 2.0E10 pluto.gif
0.0 -1.8166666666666666E11 -20000.0 0.0 2.0E10 pluto.gif
1.833333333333333E11 0.0 0.0 -20000.0 2.0E10 pluto.gif
-1.833333333333333E11 0.0 0.0 20000.0 2.0E10 pluto.gif
0.0 1.833333333333333E11 20000.0 0.0 2.0E10 pluto.gif
0.0 -1.833333333333333E11 -20000.0 0.0 2.0E10 pluto.gif
1.85E11 0.0 0.0 -20000.0 2.0E10 pluto.gif
-1.85E11 0.0 0.0 20000.0 2.0E10 pluto.gif
0.0 1.85E11 20000.0 0.0 2.0E10 pluto.gif
0.0 -1.85E11 -20000.0 0.0 2.0E10 pluto.gif
1.866666666666667E11 0.0 0.0 -20000.0 2.0E10 pluto.gif
-1.866666666666667E11 0.0 0.0 20000.0 2.0E10 pluto.gif
0.0 1.866666666666667E11 20000.0 0.0 2.0E10 pluto.gif
0.0 -1.866666666666667E11 -20000.0 0.0 2.0E10 pluto.gif
1.883333333333333E11 0.0 0.0 -20000.0 2.0E10 pluto.gif
-1.883333333333333E11 0.0 0.0 20000.0 2.0E10 pluto.gif
0.0 1.883333333333333E11 20000.0 0.0 2.0E10 pluto.gif
0.0 -1.883333333333333E11 -20000.0 0.0 2.0E10 pluto.gif
1.9E11 0.0 0.0 -20000.0 2.0E10 pluto.gif
-1.9E11 0.0 0.0 20000.0 2.0E10 pluto.gif
0.0 1.9E11 20000.0 0.0 2.0E10 pluto.gif
0.0 -1.9E11 -20000.0 0.0 2.0E10 pluto.gif
1.916666666666667E11 0.0 0.0 -20000.0 2.0E10 pluto.gif
-1.916666666666667E11 0.0 0.0 20000.0 2.0E10 pluto.gif
0.0 1.916666666666667E11 20000.0 0.0 2.0E10 pluto.gif
0.0 -1.916666666666667E11 -20000.0 0.0 2.0E10 pluto.gif
1.9333333333333334E11 0.0 0.0 -20000.0 2.0E10 pluto.gif
-1.9333333333333334E11 0.0 0.0 20000.0 2.0E10 pluto.gif
0.0 1.9333333333333334E11 20000.0 0.0 2.0E10 pluto.gif
0.0 -1.9333333333333334E11 -20000.0 0.0 2.0E10 pluto.gif
1.95E11 0.0 0.0 -20000.0 2.0E10 pluto.gif
-1.95E11 0.0 0.0 20000.0 2.0E10 pluto.gif
0.0 1.95E11 20000.0 0.0 2.0E10 pluto.gif
0.0 -1.95E11 -20000.0 0.0 2.0E10 pluto.gif
1.9666666666666666E11 0.0 0.0 -20000.0 2.0E10 pluto.gif
-1.9666666666666666E11 0.0 0.0 20000.0 2.0E10 pluto.gif
0.0 1.9666666666666666E11 20000.0 0.0 2.0E10 pluto.gif
0.0 -1.9666666666666666E11 -20000.0 0.0 2.0E10 pluto.gif
1.9833333333333334E11 0.0 0.0 -20000.0 2.0E10 pluto.gif
-1.9833333333333334E11 0.0 0.0 20000.0 2.0E10 pluto.gif
0.0 1.9833333333333334E11 20000.0 0.0 2.0E10 pluto.gif
0.0 -1.9833333333333334E11 -20000.0 0.0 2.0E10 pluto.gif
2.0E11 0.0 0.0 -20000.0 2.0E10 pluto.gif
-2.0E11 0.0 0.0 20000.0 2.0E10 pluto.gif
0.0 2.0E11 20000.0 0.0 2.0E10 pluto.gif
0.0 -2.0E11 -20000.0 0.0 2.0E10 pluto.gif
2.0166666666666666E11 0.0 0.0 -20000.0 2.0E10 pluto.gif
-2.0166666666666666E11 0.0 0.0 20000.0 2.0E10 pluto.gif
0.0 2.0166666666666666E11 20000.0 0.0 2.0E10 pluto.gif
0.0 -2.0166666666666666E11 -20000.0 0.0 2.0E10 pluto.gif
2.0333333333333334E11 0.0 0.0 -20000.0 2.0E10 pluto.gif
-2.0333333333333334E11 0.0 0.0 20000.0 2.0E10 pluto.gif
0.0 2.0333333333333334E11 20000.0 0.0 2.0E10 pluto.gif
0.0 -2.0333333333333334E11 -20000.0 0.0 2.0E10 pluto.gif
2.05E11 0.0 0.0 -20000.0 2.0E10 pluto.gif
-2.05E11 0.0 0.0 20000.0 2.0E10 pluto.gif
0.0 2.05E11 20000.0 0.0 2.0E10 pluto.gif
0.0 -2.05E11 -20000.0 0.0 2.0E10 pluto.gif
2.0666666666666666E11 0.0 0.0 -20000.0 2.0E10 pluto.gif
-2.0666666666666666E11 0.0 0.0 20000.0 2.0E10 pluto.gif
0.0 2.0666666666666666E11 20000.0 0.0 2.0E10 pluto.gif
0.0 -2.0666666666666666E11 -20000.0 0.0 2.0E10 pluto.gif
2.0833333333333334E11 0.0 0.0 -20000.0 2.0E10 pluto.gif
-2.0833333333333334E11 0.0 0.0 20000.0 2.0E10 pluto.gif
0.0 2.0833333333333334E11 20000.0 0.0 2.0E10 pluto.gif
0.0 -2.0833333333333334E11 -20000.0 0.0 2.0E10 pluto.gif
2.1E11 0.0 0.0 -20000.0 2.0E10 pluto.gif
-2.1E11 0.0 0.0 20000.0 2.0E10 pluto.gif
0.0 2.1E11 20000.0 0.0 2.0E10 pluto.gif
0.0 -2.1E11 -20000.0 0.0 2.0E10 pluto.gif
2.1166666666666666E11 0.0 0.0 -20000.0 2.0E10 pluto.gif
-2.1166666666666666E11 0.0 0.0 20000.0 2.0E10 pluto.gif
0.0 2.1166666666666666E11 20000.0 0.0 2.0E10 pluto.gif
0.0 -2.1166666666666666E11 -20000.0 0.0 2.0E10 pluto.gif
2.1333333333333334E11 0.0 0.0 -20000.0 2.0E10 pluto.gif
-2.1333333333333334E11 0.0 0.0 20000.0 2.0E10 pluto.gif
0.0 2.1333333333333334E11 20000.0 0.0 2.0E10 pluto.gif
0.0 -2.1333333333333334E11 -20000.0 0.0 2.0E10 pluto.gif
2.15E11 0.0 0.0 -20000.0 2.0E10 pluto.gif
-2.15E11 0.0 0.0 20000.0 2.0E10 pluto.gif
0.0 2.15E11 20000.0 0.0 2.0E10 pluto.gif
0.0 -2.15E11 -20000.0 0.0 2.0E10 pluto.gif
2.166666666666667E11 0.0 0.0 -20000.0 2.0E10 pluto.gif
-2.166666666666667E11 0.0 0.0 20000.0 2.0E10 pluto.gif
0.0 2.166666666666667E11 20000.0 0.0 2.0E10 pluto.gif
0.0 -2.166666666666667E11 -20000.0 0.0 2.0E10 pluto.gif
2.183333333333333E11 0.0 0.0 -20000.0 2.0E10 pluto.gif
-2.183333333333333E11 0.0 0.0 20000.0 2.0E10 pluto.gif
0.0 2.183333333333333E11 20000.0 0.0 2.0E10 pluto.gif
0.0 -2.183333333333333E11 -20000.0 0.0 2.0E10 pluto.gif
2.2E11 0.0 0.0 -20000.0 2.0E10 pluto.gif
-2.2E11 0.0 0.0 20000.0 2.0E10 pluto.gif
0.0 2.2E11 20000.0 0.0 2.0E10 pluto.gif
0.0 -2.2E11 -20000.0 0.0 2.0E10 pluto.gif
2.216666666666667E11 0.0 0.0 -20000.0 2.0E10 pluto.gif
-2.216666666666667E11 0.0 0.0 20000.0 2.0E10 pluto.gif
0.0 2.216666666666667E11 20000.0 0.0 2.0E10 pluto.gif
0.0 -2.216666666666667E11 -20000.0 0.0 2.0E10 pluto.gif
2.233333333333333E11 0.0 0.0 -20000.0 2.0E10 pluto.gif
-2.233333333333333E11 0.0 0.0 20000.0 2.0E10 pluto.gif
0.0 2.233333333333333E11 20000.0 0.0 2.0E10 pluto.gif
0.0 -2.233333333333333E11 -20000.0 0.0 2.0E10 pluto.gif
2.25E11 0.0 0.0 -20000.0 2.0E10 pluto.gif
-2.25E11 0.0 0.0 20000.0 2.0E10 pluto.gif
0.0 2.25E11 20000.0 0.0 2.0E10 pluto.gif
0.0 -2.25E11 -20000.0 0.0 2.0E10 pluto.gif
2.2666666666666666E11 0.0 0.0 -20000.0 2.0E10 pluto.gif
-2.2666666666666666E11 0.0 0.0 20000.0 2.0E10 pluto.gif
0.0 2.2666666666666666E11 20000.0 0.0 2.0E10 pluto.gif
0.0 -2.2666666666666666E11 -20000.0 0.0 2.0E10 pluto.gif
2.2833333333333334E11 0.0 0.0 -20000.0 2.0E10 pluto.gif
-2.2833333333333334E11 0.0 0.0 20000.0 2.0E10 pluto.gif
0.0 2.2833333333333334E11 20000.0 0.0 2.0E10 pluto.gif
0.0 -2.2833333333333334E11 -20000.0 0.0 2.0E10 pluto.gif
2.3E11 0.0 0.0 -20000.0 2.0E10 pluto.gif
-2.3E11 0.0 0.0 20000.0 2.0E10 pluto.gif
0.0 2.3E11 20000.0 0.0 2.0E10 pluto.gif
0.0 -2.3E11 -20000.0 0.0 2.0E10 pluto.gif
2.3166666666666666E11 0.0 0.0 -20000.0 2.0E10 pluto.gif
-2.3166666666666666E11 0.0 0.0 20000.0 2.0E10 pluto.gif
0.0 2.3166666666666666E11 20000.0 0.0 2.0E10 pluto.gif
0.0 -2.3166666666666666E11 -20000.0 0.0 2.0E10 pluto.gif
2.3333333333333334E11 0.0 0.0 -20000.0 2.0E10 pluto.gif
-2.3333333333333334E11 0.0 0.0 20000.0 2.0E10 pluto.gif
0.0 2.3333333333333334E11 20000.0 0.0 2.0E10 pluto.gif
0.0 -2.3333333333333334E11 -20000.0 0.0 2.0E10 pluto.gif
2.35E11 0.0 0.0 -20000.0 2.0E10 pluto.gif
-2.35E11 0.0 0.0 20000.0 2.0E10 pluto.gif
0.0 2.35E11 20000.0 0.0 2.0E10 pluto.gif
0.0 -2.35E11 -20000.0 0.0 2.0E10 pluto.gif
2.3666666666666666E11 0.0 0.0 -20000.0 2.0E10 pluto.gif
-2.3666666666666666E11 0.0 0.0 20000.0 2.0E10 pluto.gif
0.0 2.3666666666666666E11 20000.0 0.0 2.0E10 pluto.gif
0.0 -2.3666666666666666E11 -20000.0 0.0 2.0E10 pluto.gif
2.3833333333333334E11 0.0 0.0 -20000.0 2.0E10 pluto.gif
-2.3833333333333334E11 0.0 0.0 20000.0 2.0E10 pluto.gif
0.0 2.3833333333333334E11 20000.0 0.0 2.0E10 pluto.gif
0.0 -2.3833333333333334E11 -20000.0 0.0 2.0E10 pluto.gif
2.4E11 0.0 0.0 -20000.0 2.0E10 pluto.gif
-2.4E11 0.0 0.0 20000.0 2.0E10 pluto.gif
0.0 2.4E11 20000.0 0.0 2.0E10 pluto.gif
0.0 -2.4E11 -20000.0 0.0 2.0E10 pluto.gif
2.4166666666666666E11 0.0 0.0 -20000.0 2.0E10 pluto.gif
-2.4166666666666666E11 0.0 0.0 20000.0 2.0E10 pluto.gif
0.0 2.4166666666666666E11 20000.0 0.0 2.0E10 pluto.gif
0.0 -2.4166666666666666E11 -20000.0 0.0 2.0E10 pluto.gif
2.4333333333333334E11 0.0 0.0 -20000.0 2.0E10 pluto.gif
-2.4333333333333334E11 0.0 0.0 20000.0 2.0E10 pluto.gif
0.0 2.4333333333333334E11 20000.0 0.0 2.0E10 pluto.gif
0.0 -2.4333333333333334E11 -20000.0 0.0 2.0E10 pluto.gif
2.45E11 0.0 0.0 -20000.0 2.0E10 pluto.gif
-2.45E11 0.0 0.0 20000.0 2.0E10 pluto.gif
0.0 2.45E11 20000.0 0.0 2.0E10 pluto.gif
0.0 -2.45E11 -20000.0 0.0 2.0E10 pluto.gif
2.466666666666667E11 0.0 0.0 -20000.0 2.0E10 pluto.gif
-2.466666666666667E11 0.0 0.0 20000.0 2.0E10 pluto.gif
0.0 2.466666666666667E11 20000.0 0.0 2.0E10 pluto.gif
0.0 -2.466666666666667E11 -20000.0 0.0 2.0E10 pluto.gif
2.483333333333333E11 0.0 0.0 -20000.0 2.0E10 pluto.gif
-2.483333333333333E11 0.0 0.0 20000.0 2.0E10 pluto.gif
0.0 2.483333333333333E11 20000.0 0.0 2.0E10 pluto.gif
0.0 -2.483333333333333E11 -20000.0 0.0 2.0E10 pluto.gif
2.5E11 0.0 0.0 -20000.0 2.0E10 pluto.gif
-2.5E11 0.0 0.0 20000.0 2.0E10 pluto.gif
0.0 2.5E11 20000.0 0.0 2.0E10 pluto.gif
0.0 -2.5E11 -20000.0 0.0 2.0E10 pluto.gif

Creator of the Universe:  Erik Keselica
COS 126 Precept P07A, Spring 2007

Less complex flower with dt = 50000.0.
