1002
1.0E12
3.0E11 0.0 -0.0 1000.0 1.0E9 star.gif
2.998629534754574E11 5.233595624294383E9 -52.33595624294383 998.6295347545738 1.0E9 star.gif
2.992546151641322E11 1.2186934340514748E10 -121.86934340514748 992.546151641322 1.0E9 star.gif
2.984807753012208E11 1.736481776669303E10 -173.64817766693034 984.807753012208 1.0E9 star.gif
2.970295726275996E11 2.4192189559966774E10 -241.92189559966772 970.2957262759965 1.0E9 star.gif
2.951056516295154E11 3.090169943749474E10 -309.0169943749474 951.0565162951535 1.0E9 star.gif
2.9335804264972015E11 3.583679495453003E10 -358.3679495453003 933.5804264972018 1.0E9 star.gif
2.90630778703665E11 4.226182617406995E10 -422.61826174069944 906.30778703665 1.0E9 star.gif
2.882947592858927E11 4.694715627858908E10 -469.4715627858908 882.947592858927 1.0E9 star.gif
2.848048096156426E11 5.299192642332049E10 -529.9192642332049 848.0480961564259 1.0E9 star.gif
2.8090169943749475E11 5.8778525229247314E10 -587.7852522924732 809.0169943749474 1.0E9 star.gif
2.777145961456971E11 6.293203910498375E10 -629.3203910498376 777.1459614569709 1.0E9 star.gif
2.7313537016191705E11 6.819983600624985E10 -681.9983600624985 731.3537016191705 1.0E9 star.gif
2.6946583704589972E11 7.193398003386511E10 -719.3398003386511 694.6583704589974 1.0E9 star.gif
2.6427876096865393E11 7.66044443118978E10 -766.044443118978 642.7876096865393 1.0E9 star.gif
2.587785252292473E11 8.090169943749475E10 -809.0169943749474 587.7852522924732 1.0E9 star.gif
2.5446390350150272E11 8.386705679454239E10 -838.670567945424 544.6390350150272 1.0E9 star.gif
2.4848096202463373E11 8.746197071393958E10 -874.6197071393957 484.8096202463371 1.0E9 star.gif
2.4383711467890775E11 8.98794046299167E10 -898.794046299167 438.37114678907744 1.0E9 star.gif
2.3746065934159122E11 9.271838545667873E10 -927.1838545667873 374.6065934159122 1.0E9 star.gif
2.3090169943749475E11 9.510565162951535E10 -951.0565162951535 309.01699437494744 1.0E9 star.gif
2.2588190451025208E11 9.659258262890683E10 -965.9258262890684 258.81904510252076 1.0E9 star.gif
2.1908089953765448E11 9.81627183447664E10 -981.6271834476639 190.8089953765449 1.0E9 star.gif
2.1391731009600653E11 9.902680687415704E10 -990.2680687415703 139.17310096006545 1.0E9 star.gif
2.0697564737441254E11 9.975640502598242E10 -997.5640502598242 69.75647374412523 1.0E9 star.gif
2.0E11 1.0E11 -1000.0 6.123233995736766E-14 1.0E9 star.gif
1.9476640437570563E11 9.986295347545738E10 -998.6295347545738 -52.335956242943844 1.0E9 star.gif
1.8781306565948526E11 9.92546151641322E10 -992.5461516413221 -121.86934340514736 1.0E9 star.gif
1.8263518223330698E11 9.84807753012208E10 -984.807753012208 -173.6481776669303 1.0E9 star.gif
1.7580781044003323E11 9.702957262759964E10 -970.2957262759965 -241.92189559966755 1.0E9 star.gif
1.6909830056250525E11 9.510565162951537E10 -951.0565162951536 -309.01699437494733 1.0E9 star.gif
1.6416320504546997E11 9.335804264972017E10 -933.5804264972018 -358.3679495453003 1.0E9 star.gif
1.5773817382593005E11 9.063077870366501E10 -906.3077870366501 -422.6182617406993 1.0E9 star.gif
1.5305284372141095E11 8.829475928589272E10 -882.9475928589271 -469.4715627858905 1.0E9 star.gif
1.470080735766795E11 8.480480961564261E10 -848.048096156426 -529.9192642332048 1.0E9 star.gif
1.412214747707527E11 8.090169943749475E10 -809.0169943749474 -587.785252292473 1.0E9 star.gif
1.3706796089501627E11 7.77145961456971E10 -777.145961456971 -629.3203910498373 1.0E9 star.gif
1.3180016399375015E11 7.313537016191705E10 -731.3537016191706 -681.9983600624984 1.0E9 star.gif
1.280660199661349E11 6.946583704589975E10 -694.6583704589975 -719.339800338651 1.0E9 star.gif
1.233955556881022E11 6.4278760968653946E10 -642.7876096865394 -766.0444431189779 1.0E9 star.gif
1.1909830056250526E11 5.877852522924732E10 -587.7852522924733 -809.0169943749473 1.0E9 star.gif
1.1613294320545761E11 5.446390350150273E10 -544.6390350150273 -838.670567945424 1.0E9 star.gif
1.1253802928606042E11 4.848096202463372E10 -484.80962024633715 -874.6197071393957 1.0E9 star.gif
1.1012059537008331E11 4.383711467890777E10 -438.37114678907767 -898.7940462991668 1.0E9 star.gif
1.0728161454332127E11 3.7460659341591225E10 -374.60659341591224 -927.1838545667873 1.0E9 star.gif
1.0489434837048465E11 3.090169943749475E10 -309.0169943749475 -951.0565162951535 1.0E9 star.gif
1.0340741737109319E11 2.58819045102521E10 -258.81904510252105 -965.9258262890683 1.0E9 star.gif
1.018372816552336E11 1.9080899537654495E10 -190.80899537654497 -981.6271834476639 1.0E9 star.gif
1.0097319312584296E11 1.3917310096006533E10 -139.17310096006534 -990.2680687415703 1.0E9 star.gif
1.0024359497401758E11 6.975647374412553E9 -69.75647374412553 -997.5640502598242 1.0E9 star.gif
1.0E11 1.2246467991473532E-5 -1.2246467991473532E-13 -1000.0 1.0E9 star.gif
1.0013704652454262E11 -5.233595624294356E9 52.33595624294357 -998.6295347545738 1.0E9 star.gif
1.007453848358678E11 -1.2186934340514776E10 121.86934340514776 -992.546151641322 1.0E9 star.gif
1.015192246987792E11 -1.7364817766693047E10 173.64817766693048 -984.807753012208 1.0E9 star.gif
1.0297042737240034E11 -2.419218955996675E10 241.92189559966752 -970.2957262759966 1.0E9 star.gif
1.0489434837048465E11 -3.0901699437494774E10 309.0169943749477 -951.0565162951535 1.0E9 star.gif
1.0664195735027983E11 -3.5836794954530045E10 358.36794954530046 -933.5804264972018 1.0E9 star.gif
1.0936922129633499E11 -4.226182617406993E10 422.61826174069927 -906.3077870366501 1.0E9 star.gif
1.1170524071410728E11 -4.694715627858905E10 469.47156278589046 -882.9475928589271 1.0E9 star.gif
1.1519519038435739E11 -5.299192642332048E10 529.9192642332048 -848.048096156426 1.0E9 star.gif
1.1909830056250525E11 -5.87785252292473E10 587.785252292473 -809.0169943749474 1.0E9 star.gif
1.2228540385430289E11 -6.293203910498373E10 629.3203910498373 -777.1459614569711 1.0E9 star.gif
1.2686462983808295E11 -6.819983600624984E10 681.9983600624984 -731.3537016191706 1.0E9 star.gif
1.3053416295410025E11 -7.193398003386508E10 719.3398003386509 -694.6583704589975 1.0E9 star.gif
1.3572123903134605E11 -7.66044443118978E10 766.0444431189779 -642.7876096865394 1.0E9 star.gif
1.412214747707527E11 -8.090169943749474E10 809.0169943749473 -587.7852522924733 1.0E9 star.gif
1.455360964984973E11 -8.38670567945424E10 838.6705679454241 -544.6390350150269 1.0E9 star.gif
1.5151903797536624E11 -8.746197071393954E10 874.6197071393955 -484.8096202463376 1.0E9 star.gif
1.5616288532109222E11 -8.987940462991669E10 898.7940462991668 -438.3711467890777 1.0E9 star.gif
1.6253934065840875E11 -9.271838545667873E10 927.1838545667873 -374.6065934159123 1.0E9 star.gif
1.6909830056250525E11 -9.510565162951535E10 951.0565162951535 -309.01699437494756 1.0E9 star.gif
1.7411809548974792E11 -9.659258262890683E10 965.9258262890684 -258.81904510252065 1.0E9 star.gif
1.8091910046234555E11 -9.81627183447664E10 981.6271834476639 -190.8089953765446 1.0E9 star.gif
1.860826899039934E11 -9.902680687415703E10 990.2680687415702 -139.17310096006582 1.0E9 star.gif
1.9302435262558743E11 -9.975640502598242E10 997.5640502598242 -69.75647374412559 1.0E9 star.gif
1.9999999999999997E11 -1.0E11 1000.0 -1.8369701987210297E-13 1.0E9 star.gif
2.052335956242943E11 -9.98629534754574E10 998.6295347545739 52.335956242943055 1.0E9 star.gif
2.1218693434051477E11 -9.92546151641322E10 992.546151641322 121.86934340514769 1.0E9 star.gif
2.17364817766693E11 -9.848077530122081E10 984.8077530122081 173.64817766692997 1.0E9 star.gif
2.2419218955996674E11 -9.702957262759966E10 970.2957262759966 241.92189559966747 1.0E9 star.gif
2.3090169943749472E11 -9.510565162951537E10 951.0565162951536 309.0169943749472 1.0E9 star.gif
2.3583679495453003E11 -9.335804264972017E10 933.5804264972018 358.3679495453004 1.0E9 star.gif
2.422618261740699E11 -9.063077870366502E10 906.3077870366503 422.6182617406988 1.0E9 star.gif
2.4694715627858905E11 -8.829475928589272E10 882.9475928589271 469.4715627858904 1.0E9 star.gif
2.5299192642332047E11 -8.480480961564261E10 848.048096156426 529.9192642332047 1.0E9 star.gif
2.5877852522924728E11 -8.090169943749475E10 809.0169943749476 587.7852522924729 1.0E9 star.gif
2.6293203910498367E11 -7.771459614569713E10 777.1459614569713 629.3203910498369 1.0E9 star.gif
2.6819983600624985E11 -7.313537016191704E10 731.3537016191704 681.9983600624986 1.0E9 star.gif
2.7193398003386508E11 -6.946583704589977E10 694.6583704589976 719.3398003386509 1.0E9 star.gif
2.7660444431189777E11 -6.427876096865396E10 642.7876096865396 766.0444431189778 1.0E9 star.gif
2.8090169943749475E11 -5.877852522924734E10 587.7852522924734 809.0169943749473 1.0E9 star.gif
2.838670567945424E11 -5.44639035015027E10 544.6390350150269 838.6705679454241 1.0E9 star.gif
2.874619707139396E11 -4.8480962024633766E10 484.80962024633766 874.6197071393954 1.0E9 star.gif
2.898794046299167E11 -4.3837114678907776E10 438.3711467890778 898.7940462991668 1.0E9 star.gif
2.927183854566787E11 -3.746065934159123E10 374.60659341591236 927.1838545667873 1.0E9 star.gif
2.951056516295154E11 -3.0901699437494762E10 309.0169943749476 951.0565162951535 1.0E9 star.gif
2.9659258262890686E11 -2.5881904510252068E10 258.8190451025207 965.9258262890684 1.0E9 star.gif
2.981627183447664E11 -1.9080899537654465E10 190.80899537654466 981.6271834476639 1.0E9 star.gif
2.9902680687415704E11 -1.3917310096006588E10 139.17310096006588 990.2680687415702 1.0E9 star.gif
2.997564050259824E11 -6.975647374412563E9 69.75647374412563 997.5640502598242 1.0E9 star.gif
2.9E11 0.0 -0.0 900.0 1.0E9 star.gif
2.898766581279116E11 4.710236061864944E9 -47.10236061864944 898.7665812791164 1.0E9 star.gif
2.89329153647719E11 1.0968240906463272E10 -109.68240906463272 893.2915364771898 1.0E9 star.gif
2.8863269777109875E11 1.562833599002373E10 -156.2833599002373 886.3269777109872 1.0E9 star.gif
2.8732661536483966E11 2.1772970603970097E10 -217.72970603970094 873.2661536483969 1.0E9 star.gif
2.8559508646656384E11 2.7811529493745266E10 -278.11529493745263 855.9508646656382 1.0E9 star.gif
2.8402223838474817E11 3.2253115459077023E10 -322.53115459077026 840.2223838474815 1.0E9 star.gif
2.8156770083329846E11 3.803564355666295E10 -380.3564355666295 815.677008332985 1.0E9 star.gif
2.7946528335730347E11 4.225244065073017E10 -422.5244065073017 794.6528335730343 1.0E9 star.gif
2.7632432865407837E11 4.769273378098844E10 -476.9273378098844 763.2432865407834 1.0E9 star.gif
2.7281152949374527E11 5.2900672706322586E10 -529.0067270632259 728.1152949374527 1.0E9 star.gif
2.6994313653112738E11 5.6638835194485374E10 -566.3883519448538 699.4313653112738 1.0E9 star.gif
2.6582183314572534E11 6.137985240562486E10 -613.7985240562487 658.2183314572534 1.0E9 star.gif
2.6251925334130975E11 6.47405820304786E10 -647.405820304786 625.1925334130976 1.0E9 star.gif
2.5785088487178854E11 6.894399988070802E10 -689.4399988070802 578.5088487178854 1.0E9 star.gif
2.5290067270632257E11 7.281152949374527E10 -728.1152949374527 529.0067270632259 1.0E9 star.gif
2.4901751315135245E11 7.548035111508815E10 -754.8035111508815 490.1751315135245 1.0E9 star.gif
2.4363286582217035E11 7.871577364254562E10 -787.1577364254562 436.3286582217034 1.0E9 star.gif
2.3945340321101697E11 8.089146416692503E10 -808.9146416692504 394.53403211016973 1.0E9 star.gif
2.337145934074321E11 8.344654691101086E10 -834.4654691101085 337.14593407432096 1.0E9 star.gif
2.2781152949374527E11 8.559508646656381E10 -855.9508646656382 278.1152949374527 1.0E9 star.gif
2.2329371405922687E11 8.693332436601614E10 -869.3332436601614 232.93714059226866 1.0E9 star.gif
2.1717280958388904E11 8.834644651028976E10 -883.4644651028976 171.72809583889043 1.0E9 star.gif
2.1252557908640588E11 8.912412618674133E10 -891.2412618674133 125.25579086405892 1.0E9 star.gif
2.0627808263697128E11 8.978076452338417E10 -897.8076452338418 62.78082636971271 1.0E9 star.gif
2.0E11 9.0E10 -900.0 5.510910596163089E-14 1.0E9 star.gif
1.9528976393813504E11 8.987665812791165E10 -898.7665812791164 -47.102360618649456 1.0E9 star.gif
1.8903175909353674E11 8.9329153647719E10 -893.2915364771899 -109.68240906463262 1.0E9 star.gif
1.8437166400997626E11 8.863269777109872E10 -886.3269777109872 -156.2833599002373 1.0E9 star.gif
1.782270293960299E11 8.732661536483968E10 -873.2661536483969 -217.7297060397008 1.0E9 star.gif
1.7218847050625473E11 8.559508646656383E10 -855.9508646656383 -278.11529493745263 1.0E9 star.gif
1.6774688454092297E11 8.402223838474815E10 -840.2223838474815 -322.53115459077026 1.0E9 star.gif
1.6196435644333707E11 8.156770083329851E10 -815.677008332985 -380.3564355666294 1.0E9 star.gif
1.5774755934926984E11 7.946528335730344E10 -794.6528335730344 -422.5244065073015 1.0E9 star.gif
1.5230726621901157E11 7.632432865407834E10 -763.2432865407835 -476.9273378098843 1.0E9 star.gif
1.4709932729367743E11 7.281152949374527E10 -728.1152949374527 -529.0067270632258 1.0E9 star.gif
1.4336116480551465E11 6.99431365311274E10 -699.4313653112739 -566.3883519448535 1.0E9 star.gif
1.3862014759437515E11 6.582183314572535E10 -658.2183314572535 -613.7985240562485 1.0E9 star.gif
1.3525941796952142E11 6.251925334130978E10 -625.1925334130977 -647.4058203047858 1.0E9 star.gif
1.3105600011929199E11 5.785088487178855E10 -578.5088487178855 -689.4399988070801 1.0E9 star.gif
1.2718847050625475E11 5.290067270632259E10 -529.0067270632259 -728.1152949374526 1.0E9 star.gif
1.2451964888491185E11 4.9017513151352455E10 -490.17513151352455 -754.8035111508815 1.0E9 star.gif
1.2128422635745438E11 4.363286582217034E10 -436.32865822170345 -787.1577364254562 1.0E9 star.gif
1.1910853583307498E11 3.945340321101699E10 -394.5340321101699 -808.9146416692502 1.0E9 star.gif
1.1655345308898914E11 3.3714593407432102E10 -337.145934074321 -834.4654691101085 1.0E9 star.gif
1.1440491353343619E11 2.7811529493745277E10 -278.11529493745275 -855.9508646656382 1.0E9 star.gif
1.1306667563398386E11 2.329371405922689E10 -232.93714059226892 -869.3332436601614 1.0E9 star.gif
1.1165355348971024E11 1.7172809583889048E10 -171.72809583889048 -883.4644651028976 1.0E9 star.gif
1.1087587381325867E11 1.252557908640588E10 -125.2557908640588 -891.2412618674133 1.0E9 star.gif
1.1021923547661583E11 6.278082636971297E9 -62.78082636971297 -897.8076452338418 1.0E9 star.gif
1.1E11 1.1021821192326179E-5 -1.1021821192326178E-13 -900.0 1.0E9 star.gif
1.1012334187208835E11 -4.710236061864921E9 47.10236061864921 -898.7665812791164 1.0E9 star.gif
1.1067084635228102E11 -1.0968240906463297E10 109.68240906463298 -893.2915364771898 1.0E9 star.gif
1.1136730222890128E11 -1.5628335990023743E10 156.28335990023743 -886.3269777109872 1.0E9 star.gif
1.1267338463516031E11 -2.1772970603970078E10 217.72970603970074 -873.2661536483969 1.0E9 star.gif
1.1440491353343619E11 -2.7811529493745296E10 278.115294937453 -855.9508646656382 1.0E9 star.gif
1.1597776161525185E11 -3.2253115459077038E10 322.53115459077037 -840.2223838474815 1.0E9 star.gif
1.1843229916670149E11 -3.803564355666293E10 380.35643556662933 -815.677008332985 1.0E9 star.gif
1.2053471664269656E11 -4.225244065073014E10 422.5244065073014 -794.6528335730344 1.0E9 star.gif
1.2367567134592166E11 -4.7692733780988434E10 476.9273378098843 -763.2432865407835 1.0E9 star.gif
1.2718847050625473E11 -5.290067270632257E10 529.0067270632258 -728.1152949374527 1.0E9 star.gif
1.300568634688726E11 -5.663883519448535E10 566.3883519448535 -699.431365311274 1.0E9 star.gif
1.3417816685427466E11 -6.1379852405624855E10 613.7985240562485 -658.2183314572535 1.0E9 star.gif
1.3748074665869022E11 -6.474058203047858E10 647.4058203047857 -625.1925334130977 1.0E9 star.gif
1.4214911512821146E11 -6.894399988070801E10 689.4399988070801 -578.5088487178855 1.0E9 star.gif
1.470993272936774E11 -7.281152949374525E10 728.1152949374526 -529.0067270632259 1.0E9 star.gif
1.5098248684864758E11 -7.548035111508817E10 754.8035111508816 -490.17513151352426 1.0E9 star.gif
1.5636713417782962E11 -7.87157736425456E10 787.1577364254559 -436.32865822170385 1.0E9 star.gif
1.60546596788983E11 -8.089146416692502E10 808.9146416692502 -394.53403211016996 1.0E9 star.gif
1.662854065925679E11 -8.344654691101086E10 834.4654691101085 -337.1459340743211 1.0E9 star.gif
1.7218847050625473E11 -8.559508646656381E10 855.9508646656382 -278.1152949374528 1.0E9 star.gif
1.7670628594077313E11 -8.693332436601614E10 869.3332436601614 -232.93714059226858 1.0E9 star.gif
1.82827190416111E11 -8.834644651028976E10 883.4644651028976 -171.72809583889014 1.0E9 star.gif
1.874744209135941E11 -8.912412618674132E10 891.2412618674132 -125.25579086405925 1.0E9 star.gif
1.937219173630287E11 -8.978076452338417E10 897.8076452338418 -62.78082636971302 1.0E9 star.gif
1.9999999999999997E11 -9.0E10 900.0 -1.6532731788489268E-13 1.0E9 star.gif
2.0471023606186487E11 -8.987665812791165E10 898.7665812791165 47.10236061864875 1.0E9 star.gif
2.109682409064633E11 -8.932915364771898E10 893.2915364771898 109.68240906463292 1.0E9 star.gif
2.1562833599002368E11 -8.863269777109872E10 886.3269777109873 156.28335990023697 1.0E9 star.gif
2.2177297060397006E11 -8.732661536483969E10 873.2661536483969 217.72970603970072 1.0E9 star.gif
2.2781152949374524E11 -8.559508646656383E10 855.9508646656383 278.1152949374525 1.0E9 star.gif
2.3225311545907703E11 -8.402223838474815E10 840.2223838474815 322.5311545907703 1.0E9 star.gif
2.380356435566629E11 -8.156770083329852E10 815.6770083329852 380.35643556662893 1.0E9 star.gif
2.4225244065073013E11 -7.946528335730344E10 794.6528335730344 422.52440650730136 1.0E9 star.gif
2.476927337809884E11 -7.632432865407834E10 763.2432865407835 476.9273378098842 1.0E9 star.gif
2.5290067270632257E11 -7.281152949374529E10 728.1152949374529 529.0067270632256 1.0E9 star.gif
2.5663883519448532E11 -6.994313653112743E10 699.4313653112742 566.3883519448532 1.0E9 star.gif
2.6137985240562488E11 -6.5821833145725334E10 658.2183314572533 613.7985240562488 1.0E9 star.gif
2.6474058203047858E11 -6.2519253341309784E10 625.1925334130979 647.4058203047857 1.0E9 star.gif
2.68943999880708E11 -5.785088487178856E10 578.5088487178856 689.43999880708 1.0E9 star.gif
2.7281152949374524E11 -5.29006727063226E10 529.006727063226 728.1152949374526 1.0E9 star.gif
2.7548035111508813E11 -4.9017513151352425E10 490.17513151352426 754.8035111508816 1.0E9 star.gif
2.787157736425456E11 -4.363286582217039E10 436.3286582217039 787.1577364254558 1.0E9 star.gif
2.8089146416692505E11 -3.9453403211017E10 394.53403211017 808.9146416692502 1.0E9 star.gif
2.8344654691101086E11 -3.371459340743211E10 337.14593407432113 834.4654691101085 1.0E9 star.gif
2.8559508646656384E11 -2.7811529493745285E10 278.11529493745286 855.9508646656382 1.0E9 star.gif
2.869333243660161E11 -2.329371405922686E10 232.9371405922686 869.3332436601614 1.0E9 star.gif
2.883464465102898E11 -1.7172809583889019E10 171.7280958388902 883.4644651028976 1.0E9 star.gif
2.8912412618674133E11 -1.252557908640593E10 125.25579086405929 891.2412618674132 1.0E9 star.gif
2.8978076452338416E11 -6.278082636971307E9 62.78082636971307 897.8076452338418 1.0E9 star.gif
2.8E11 0.0 -0.0 800.0 1.0E9 star.gif
2.798903627803659E11 4.1868764994355063E9 -41.86876499435506 798.9036278036591 1.0E9 star.gif
2.794036921313058E11 9.749547472411798E9 -97.49547472411798 794.0369213130576 1.0E9 star.gif
2.787846202409766E11 1.3891854213354427E10 -138.91854213354426 787.8462024097664 1.0E9 star.gif
2.776236581020797E11 1.935375164797342E10 -193.5375164797342 776.2365810207972 1.0E9 star.gif
2.760845213036123E11 2.4721359549995792E10 -247.2135954999579 760.8452130361228 1.0E9 star.gif
2.7468643411977612E11 2.866943596362402E10 -286.6943596362402 746.8643411977614 1.0E9 star.gif
2.72504622962932E11 3.3809460939255955E10 -338.09460939255956 725.0462296293199 1.0E9 star.gif
2.7063580742871417E11 3.755772502287126E10 -375.57725022871267 706.3580742871416 1.0E9 star.gif
2.6784384769251407E11 4.2393541138656395E10 -423.93541138656394 678.4384769251408 1.0E9 star.gif
2.647213595499958E11 4.702282018339785E10 -470.2282018339785 647.2135954999579 1.0E9 star.gif
2.6217167691655768E11 5.0345631283987E10 -503.45631283987 621.7167691655767 1.0E9 star.gif
2.5850829612953363E11 5.455986880499988E10 -545.5986880499988 585.0829612953364 1.0E9 star.gif
2.555726696367198E11 5.754718402709209E10 -575.4718402709209 555.7266963671979 1.0E9 star.gif
2.5142300877492316E11 6.128355544951824E10 -612.8355544951825 514.2300877492315 1.0E9 star.gif
2.4702282018339786E11 6.47213595499958E10 -647.2135954999579 470.2282018339785 1.0E9 star.gif
2.4357112280120218E11 6.709364543563392E10 -670.9364543563391 435.71122801202176 1.0E9 star.gif
2.3878476961970697E11 6.996957657115166E10 -699.6957657115166 387.8476961970697 1.0E9 star.gif
2.350696917431262E11 7.190352370393336E10 -719.0352370393337 350.69691743126197 1.0E9 star.gif
2.2996852747327298E11 7.417470836534299E10 -741.7470836534299 299.68527473272974 1.0E9 star.gif
2.247213595499958E11 7.608452130361229E10 -760.8452130361228 247.21359549995796 1.0E9 star.gif
2.2070552360820166E11 7.727406610312546E10 -772.7406610312546 207.0552360820166 1.0E9 star.gif
2.152647196301236E11 7.853017467581313E10 -785.3017467581312 152.64719630123594 1.0E9 star.gif
2.1113384807680524E11 7.922144549932562E10 -792.2144549932563 111.33848076805238 1.0E9 star.gif
2.0558051789953003E11 7.980512402078593E10 -798.0512402078593 55.80517899530019 1.0E9 star.gif
2.0E11 8.0E10 -800.0 4.898587196589413E-14 1.0E9 star.gif
1.9581312350056448E11 7.98903627803659E10 -798.9036278036591 -41.868764994355075 1.0E9 star.gif
1.902504525275882E11 7.940369213130577E10 -794.0369213130576 -97.4954747241179 1.0E9 star.gif
1.8610814578664557E11 7.878462024097664E10 -787.8462024097664 -138.91854213354424 1.0E9 star.gif
1.806462483520266E11 7.762365810207971E10 -776.2365810207972 -193.53751647973405 1.0E9 star.gif
1.752786404500042E11 7.608452130361229E10 -760.8452130361229 -247.21359549995788 1.0E9 star.gif
1.7133056403637598E11 7.468643411977614E10 -746.8643411977614 -286.6943596362402 1.0E9 star.gif
1.6619053906074405E11 7.2504622962932E10 -725.04622962932 -338.09460939255945 1.0E9 star.gif
1.6244227497712875E11 7.063580742871417E10 -706.3580742871417 -375.57725022871244 1.0E9 star.gif
1.5760645886134363E11 6.7843847692514084E10 -678.4384769251409 -423.9354113865638 1.0E9 star.gif
1.5297717981660217E11 6.47213595499958E10 -647.2135954999579 -470.2282018339784 1.0E9 star.gif
1.49654368716013E11 6.217167691655768E10 -621.7167691655768 -503.45631283986984 1.0E9 star.gif
1.4544013119500012E11 5.8508296129533646E10 -585.0829612953364 -545.5986880499987 1.0E9 star.gif
1.4245281597290793E11 5.5572669636719795E10 -555.726696367198 -575.4718402709208 1.0E9 star.gif
1.3871644455048175E11 5.142300877492316E10 -514.2300877492315 -612.8355544951824 1.0E9 star.gif
1.3527864045000421E11 4.702282018339786E10 -470.2282018339786 -647.2135954999578 1.0E9 star.gif
1.3290635456436609E11 4.357112280120219E10 -435.7112280120218 -670.9364543563391 1.0E9 star.gif
1.3003042342884834E11 3.878476961970697E10 -387.84769619706975 -699.6957657115166 1.0E9 star.gif
1.2809647629606665E11 3.506969174312621E10 -350.69691743126214 -719.0352370393334 1.0E9 star.gif
1.2582529163465701E11 2.996852747327298E10 -299.6852747327298 -741.7470836534299 1.0E9 star.gif
1.2391547869638771E11 2.47213595499958E10 -247.21359549995802 -760.8452130361228 1.0E9 star.gif
1.2272593389687454E11 2.0705523608201683E10 -207.05523608201682 -772.7406610312546 1.0E9 star.gif
1.2146982532418687E11 1.5264719630123598E10 -152.64719630123597 -785.3017467581312 1.0E9 star.gif
1.2077855450067438E11 1.1133848076805225E10 -111.33848076805226 -792.2144549932563 1.0E9 star.gif
1.2019487597921407E11 5.580517899530042E9 -55.80517899530042 -798.0512402078593 1.0E9 star.gif
1.2E11 9.797174393178825E-6 -9.797174393178826E-14 -800.0 1.0E9 star.gif
1.201096372196341E11 -4.186876499435485E9 41.86876499435485 -798.9036278036591 1.0E9 star.gif
1.2059630786869424E11 -9.74954747241182E9 97.4954747241182 -794.0369213130576 1.0E9 star.gif
1.2121537975902336E11 -1.3891854213354437E10 138.91854213354438 -787.8462024097664 1.0E9 star.gif
1.2237634189792027E11 -1.93537516479734E10 193.537516479734 -776.2365810207973 1.0E9 star.gif
1.2391547869638771E11 -2.472135954999582E10 247.2135954999582 -760.8452130361228 1.0E9 star.gif
1.2531356588022386E11 -2.8669435963624035E10 286.69435963624034 -746.8643411977614 1.0E9 star.gif
1.27495377037068E11 -3.3809460939255943E10 338.0946093925594 -725.04622962932 1.0E9 star.gif
1.2936419257128583E11 -3.755772502287124E10 375.5772502287124 -706.3580742871417 1.0E9 star.gif
1.3215615230748592E11 -4.239354113865638E10 423.9354113865638 -678.4384769251409 1.0E9 star.gif
1.3527864045000421E11 -4.702282018339784E10 470.2282018339784 -647.2135954999579 1.0E9 star.gif
1.3782832308344232E11 -5.0345631283986984E10 503.45631283986984 -621.7167691655769 1.0E9 star.gif
1.4149170387046637E11 -5.455986880499987E10 545.5986880499987 -585.0829612953364 1.0E9 star.gif
1.444273303632802E11 -5.754718402709207E10 575.4718402709207 -555.726696367198 1.0E9 star.gif
1.4857699122507684E11 -6.1283555449518234E10 612.8355544951824 -514.2300877492315 1.0E9 star.gif
1.5297717981660214E11 -6.472135954999579E10 647.2135954999578 -470.2282018339786 1.0E9 star.gif
1.5642887719879785E11 -6.709364543563393E10 670.9364543563393 -435.7112280120216 1.0E9 star.gif
1.61215230380293E11 -6.996957657115164E10 699.6957657115164 -387.8476961970701 1.0E9 star.gif
1.6493030825687378E11 -7.190352370393335E10 719.0352370393334 -350.6969174312622 1.0E9 star.gif
1.7003147252672702E11 -7.417470836534299E10 741.7470836534299 -299.68527473272985 1.0E9 star.gif
1.752786404500042E11 -7.608452130361229E10 760.8452130361228 -247.21359549995805 1.0E9 star.gif
1.7929447639179834E11 -7.727406610312546E10 772.7406610312546 -207.0552360820165 1.0E9 star.gif
1.8473528036987643E11 -7.853017467581313E10 785.3017467581312 -152.64719630123568 1.0E9 star.gif
1.8886615192319473E11 -7.922144549932562E10 792.2144549932563 -111.33848076805266 1.0E9 star.gif
1.9441948210046994E11 -7.980512402078593E10 798.0512402078593 -55.805178995300466 1.0E9 star.gif
2.0E11 -8.0E10 800.0 -1.4695761589768238E-13 1.0E9 star.gif
2.0418687649943546E11 -7.989036278036592E10 798.9036278036591 41.86876499435444 1.0E9 star.gif
2.097495474724118E11 -7.940369213130576E10 794.0369213130576 97.49547472411815 1.0E9 star.gif
2.138918542133544E11 -7.878462024097665E10 787.8462024097665 138.91854213354398 1.0E9 star.gif
2.193537516479734E11 -7.762365810207973E10 776.2365810207973 193.53751647973397 1.0E9 star.gif
2.247213595499958E11 -7.608452130361229E10 760.8452130361229 247.2135954999578 1.0E9 star.gif
2.2866943596362402E11 -7.468643411977614E10 746.8643411977614 286.6943596362403 1.0E9 star.gif
2.3380946093925592E11 -7.250462296293202E10 725.0462296293202 338.09460939255905 1.0E9 star.gif
2.3755772502287122E11 -7.063580742871417E10 706.3580742871417 375.57725022871233 1.0E9 star.gif
2.4239354113865637E11 -6.7843847692514084E10 678.4384769251409 423.9354113865637 1.0E9 star.gif
2.4702282018339783E11 -6.4721359549995804E10 647.213595499958 470.22820183397835 1.0E9 star.gif
2.5034563128398694E11 -6.217167691655771E10 621.716769165577 503.4563128398695 1.0E9 star.gif
2.5455986880499988E11 -5.850829612953363E10 585.0829612953363 545.5986880499988 1.0E9 star.gif
2.5754718402709207E11 -5.557266963671981E10 555.7266963671981 575.4718402709207 1.0E9 star.gif
2.6128355544951822E11 -5.1423008774923164E10 514.2300877492316 612.8355544951822 1.0E9 star.gif
2.647213595499958E11 -4.7022820183397865E10 470.2282018339787 647.2135954999578 1.0E9 star.gif
2.670936454356339E11 -4.3571122801202156E10 435.7112280120216 670.9364543563393 1.0E9 star.gif
2.699695765711516E11 -3.8784769619707016E10 387.84769619707015 699.6957657115163 1.0E9 star.gif
2.7190352370393335E11 -3.506969174312622E10 350.69691743126225 719.0352370393334 1.0E9 star.gif
2.74174708365343E11 -2.9968527473272987E10 299.68527473272985 741.7470836534299 1.0E9 star.gif
2.760845213036123E11 -2.4721359549995808E10 247.2135954999581 760.8452130361228 1.0E9 star.gif
2.772740661031255E11 -2.0705523608201656E10 207.05523608201653 772.7406610312546 1.0E9 star.gif
2.785301746758131E11 -1.5264719630123573E10 152.64719630123574 785.3017467581312 1.0E9 star.gif
2.792214454993256E11 -1.1133848076805271E10 111.3384807680527 792.2144549932563 1.0E9 star.gif
2.7980512402078595E11 -5.580517899530051E9 55.80517899530051 798.0512402078593 1.0E9 star.gif
2.7E11 0.0 -0.0 700.0 1.0E9 star.gif
2.699040674328202E11 3.6635169370060678E9 -36.63516937006068 699.0406743282017 1.0E9 star.gif
2.6947823061489252E11 8.530854038360323E9 -85.30854038360323 694.7823061489254 1.0E9 star.gif
2.6893654271085455E11 1.2155372436685123E10 -121.55372436685123 689.3654271085456 1.0E9 star.gif
2.6792070083931976E11 1.6934532691976742E10 -169.34532691976742 679.2070083931975 1.0E9 star.gif
2.6657395614066074E11 2.163118960624632E10 -216.31189606246318 665.7395614066074 1.0E9 star.gif
2.6535062985480414E11 2.508575646817102E10 -250.8575646817102 653.5062985480412 1.0E9 star.gif
2.634415450925655E11 2.958327832184896E10 -295.8327832184896 634.4154509256549 1.0E9 star.gif
2.6180633150012488E11 3.2863009395012356E10 -328.6300939501236 618.0633150012488 1.0E9 star.gif
2.5936336673094983E11 3.709434849632434E10 -370.9434849632434 593.6336673094982 1.0E9 star.gif
2.5663118960624634E11 4.114496766047312E10 -411.4496766047312 566.3118960624632 1.0E9 star.gif
2.5440021730198798E11 4.4052427373488625E10 -440.52427373488626 544.0021730198796 1.0E9 star.gif
2.5119475911334192E11 4.773988520437489E10 -477.39885204374895 511.94759113341934 1.0E9 star.gif
2.4862608593212982E11 5.0353786023705574E10 -503.5378602370558 486.26085932129814 1.0E9 star.gif
2.4499513267805774E11 5.362311101832846E10 -536.2311101832846 449.9513267805776 1.0E9 star.gif
2.411449676604731E11 5.663118960624632E10 -566.3118960624632 411.4496766047312 1.0E9 star.gif
2.381247324510519E11 5.870693975617967E10 -587.0693975617968 381.24732451051904 1.0E9 star.gif
2.339366734172436E11 6.1223379499757706E10 -612.233794997577 339.366734172436 1.0E9 star.gif
2.306859802752354E11 6.2915583240941696E10 -629.1558324094169 306.8598027523542 1.0E9 star.gif
2.2622246153911386E11 6.490286981967511E10 -649.0286981967511 262.2246153911385 1.0E9 star.gif
2.2163118960624634E11 6.657395614066074E10 -665.7395614066074 216.3118960624632 1.0E9 star.gif
2.1811733315717645E11 6.761480784023478E10 -676.1480784023478 181.17333157176452 1.0E9 star.gif
2.1335662967635815E11 6.871390284133648E10 -687.1390284133648 133.56629676358145 1.0E9 star.gif
2.097421170672046E11 6.931876481190993E10 -693.1876481190992 97.42117067204583 1.0E9 star.gif
2.0488295316208878E11 6.98294835181877E10 -698.2948351818769 48.829531620887664 1.0E9 star.gif
2.0E11 7.0E10 -700.0 4.2862637970157365E-14 1.0E9 star.gif
1.9633648306299393E11 6.990406743282018E10 -699.0406743282017 -36.63516937006069 1.0E9 star.gif
1.9146914596163968E11 6.947823061489255E10 -694.7823061489255 -85.30854038360316 1.0E9 star.gif
1.8784462756331488E11 6.893654271085457E10 -689.3654271085456 -121.55372436685121 1.0E9 star.gif
1.8306546730802325E11 6.7920700839319756E10 -679.2070083931975 -169.3453269197673 1.0E9 star.gif
1.783688103937537E11 6.657395614066075E10 -665.7395614066075 -216.31189606246315 1.0E9 star.gif
1.7491424353182898E11 6.535062985480412E10 -653.5062985480412 -250.8575646817102 1.0E9 star.gif
1.7041672167815106E11 6.3441545092565506E10 -634.415450925655 -295.8327832184895 1.0E9 star.gif
1.6713699060498767E11 6.180633150012489E10 -618.063315001249 -328.63009395012335 1.0E9 star.gif
1.6290565150367566E11 5.936336673094982E10 -593.6336673094983 -370.94348496324335 1.0E9 star.gif
1.588550323395269E11 5.663118960624632E10 -566.3118960624632 -411.4496766047311 1.0E9 star.gif
1.5594757262651138E11 5.440021730198797E10 -544.0021730198797 -440.5242737348861 1.0E9 star.gif
1.5226011479562512E11 5.119475911334194E10 -511.9475911334194 -477.39885204374883 1.0E9 star.gif
1.4964621397629443E11 4.862608593212982E10 -486.26085932129826 -503.53786023705567 1.0E9 star.gif
1.4637688898167154E11 4.499513267805776E10 -449.95132678057763 -536.2311101832845 1.0E9 star.gif
1.433688103937537E11 4.114496766047313E10 -411.4496766047313 -566.3118960624631 1.0E9 star.gif
1.412930602438203E11 3.812473245105191E10 -381.2473245105191 -587.0693975617968 1.0E9 star.gif
1.387766205002423E11 3.3936673417243603E10 -339.366734172436 -612.233794997577 1.0E9 star.gif
1.3708441675905832E11 3.068598027523544E10 -306.85980275235437 -629.1558324094168 1.0E9 star.gif
1.3509713018032489E11 2.6222461539113857E10 -262.22461539113857 -649.0286981967511 1.0E9 star.gif
1.3342604385933926E11 2.1631189606246326E10 -216.31189606246326 -665.7395614066074 1.0E9 star.gif
1.3238519215976523E11 1.811733315717647E10 -181.17333157176472 -676.1480784023478 1.0E9 star.gif
1.3128609715866351E11 1.3356629676358149E10 -133.56629676358148 -687.1390284133648 1.0E9 star.gif
1.3068123518809007E11 9.742117067204573E9 -97.42117067204573 -693.1876481190992 1.0E9 star.gif
1.301705164818123E11 4.882953162088787E9 -48.82953162088787 -698.2948351818769 1.0E9 star.gif
1.3E11 8.572527594031472E-6 -8.572527594031473E-14 -700.0 1.0E9 star.gif
1.3009593256717982E11 -3.6635169370060496E9 36.635169370060495 -699.0406743282017 1.0E9 star.gif
1.3052176938510747E11 -8.530854038360343E9 85.30854038360343 -694.7823061489254 1.0E9 star.gif
1.3106345728914543E11 -1.2155372436685133E10 121.55372436685133 -689.3654271085456 1.0E9 star.gif
1.3207929916068024E11 -1.6934532691976725E10 169.34532691976725 -679.2070083931976 1.0E9 star.gif
1.3342604385933926E11 -2.163118960624634E10 216.3118960624634 -665.7395614066074 1.0E9 star.gif
1.3464937014519588E11 -2.5085756468171032E10 250.8575646817103 -653.5062985480412 1.0E9 star.gif
1.365584549074345E11 -2.958327832184895E10 295.8327832184895 -634.415450925655 1.0E9 star.gif
1.3819366849987512E11 -3.2863009395012333E10 328.63009395012335 -618.063315001249 1.0E9 star.gif
1.4063663326905017E11 -3.709434849632433E10 370.94348496324335 -593.6336673094983 1.0E9 star.gif
1.4336881039375366E11 -4.1144967660473114E10 411.4496766047311 -566.3118960624632 1.0E9 star.gif
1.4559978269801202E11 -4.405242737348861E10 440.5242737348861 -544.0021730198798 1.0E9 star.gif
1.4880524088665805E11 -4.7739885204374886E10 477.39885204374883 -511.9475911334194 1.0E9 star.gif
1.5137391406787018E11 -5.035378602370556E10 503.5378602370556 -486.26085932129826 1.0E9 star.gif
1.5500486732194223E11 -5.362311101832845E10 536.2311101832845 -449.95132678057763 1.0E9 star.gif
1.5885503233952686E11 -5.6631189606246315E10 566.3118960624631 -411.4496766047313 1.0E9 star.gif
1.6187526754894812E11 -5.870693975617968E10 587.0693975617968 -381.24732451051887 1.0E9 star.gif
1.6606332658275638E11 -6.122337949975768E10 612.2337949975769 -339.36673417243634 1.0E9 star.gif
1.6931401972476456E11 -6.291558324094167E10 629.1558324094168 -306.8598027523544 1.0E9 star.gif
1.7377753846088614E11 -6.490286981967511E10 649.0286981967511 -262.2246153911386 1.0E9 star.gif
1.7836881039375366E11 -6.657395614066074E10 665.7395614066074 -216.3118960624633 1.0E9 star.gif
1.8188266684282355E11 -6.761480784023478E10 676.1480784023478 -181.17333157176444 1.0E9 star.gif
1.8664337032364188E11 -6.871390284133648E10 687.1390284133648 -133.56629676358122 1.0E9 star.gif
1.9025788293279538E11 -6.931876481190991E10 693.1876481190992 -97.42117067204607 1.0E9 star.gif
1.951170468379112E11 -6.98294835181877E10 698.2948351818769 -48.829531620887906 1.0E9 star.gif
2.0E11 -7.0E10 700.0 -1.2858791391047208E-13 1.0E9 star.gif
2.03663516937006E11 -6.990406743282018E10 699.0406743282018 36.63516937006014 1.0E9 star.gif
2.0853085403836035E11 -6.947823061489253E10 694.7823061489254 85.30854038360337 1.0E9 star.gif
2.121553724366851E11 -6.893654271085457E10 689.3654271085456 121.55372436685099 1.0E9 star.gif
2.169345326919767E11 -6.792070083931976E10 679.2070083931976 169.34532691976722 1.0E9 star.gif
2.216311896062463E11 -6.657395614066075E10 665.7395614066075 216.31189606246306 1.0E9 star.gif
2.2508575646817102E11 -6.535062985480412E10 653.5062985480412 250.85756468171027 1.0E9 star.gif
2.295832783218489E11 -6.344154509256552E10 634.4154509256551 295.83278321848917 1.0E9 star.gif
2.3286300939501233E11 -6.180633150012489E10 618.063315001249 328.6300939501233 1.0E9 star.gif
2.3709434849632434E11 -5.936336673094982E10 593.6336673094983 370.9434849632433 1.0E9 star.gif
2.411449676604731E11 -5.663118960624633E10 566.3118960624633 411.44967660473105 1.0E9 star.gif
2.440524273734886E11 -5.440021730198799E10 544.0021730198799 440.5242737348858 1.0E9 star.gif
2.477398852043749E11 -5.119475911334193E10 511.9475911334192 477.398852043749 1.0E9 star.gif
2.5035378602370557E11 -4.862608593212983E10 486.2608593212983 503.5378602370556 1.0E9 star.gif
2.5362311101832843E11 -4.499513267805777E10 449.9513267805777 536.2311101832845 1.0E9 star.gif
2.566311896062463E11 -4.114496766047314E10 411.44967660473134 566.3118960624631 1.0E9 star.gif
2.587069397561797E11 -3.812473245105189E10 381.24732451051887 587.0693975617968 1.0E9 star.gif
2.612233794997577E11 -3.3936673417243637E10 339.3667341724364 612.2337949975768 1.0E9 star.gif
2.6291558324094168E11 -3.0685980275235447E10 306.8598027523545 629.1558324094168 1.0E9 star.gif
2.649028698196751E11 -2.6222461539113865E10 262.2246153911386 649.0286981967511 1.0E9 star.gif
2.6657395614066074E11 -2.1631189606246334E10 216.31189606246332 665.7395614066074 1.0E9 star.gif
2.6761480784023477E11 -1.811733315717645E10 181.1733315717645 676.1480784023478 1.0E9 star.gif
2.687139028413365E11 -1.3356629676358126E10 133.56629676358128 687.1390284133648 1.0E9 star.gif
2.693187648119099E11 -9.74211706720461E9 97.42117067204612 693.1876481190992 1.0E9 star.gif
2.6982948351818768E11 -4.882953162088795E9 48.82953162088795 698.2948351818769 1.0E9 star.gif
2.6E11 0.0 -0.0 600.0 1.0E9 star.gif
2.599177720852744E11 3.1401573745766296E9 -31.401573745766296 599.1777208527443 1.0E9 star.gif
2.595527690984793E11 7.312160604308848E9 -73.12160604308849 595.5276909847931 1.0E9 star.gif
2.5908846518073248E11 1.041889066001582E10 -104.1889066001582 590.8846518073248 1.0E9 star.gif
2.5821774357655978E11 1.4515313735980064E10 -145.15313735980064 582.1774357655979 1.0E9 star.gif
2.5706339097770923E11 1.8541019662496845E10 -185.41019662496845 570.6339097770921 1.0E9 star.gif
2.560148255898321E11 2.1502076972718018E10 -215.02076972718015 560.148255898321 1.0E9 star.gif
2.54378467222199E11 2.5357095704441967E10 -253.57095704441966 543.7846722219899 1.0E9 star.gif
2.529768555715356E11 2.816829376715345E10 -281.6829376715345 529.7685557153562 1.0E9 star.gif
2.5088288576938556E11 3.1795155853992294E10 -317.9515585399229 508.8288576938556 1.0E9 star.gif
2.4854101966249686E11 3.5267115137548386E10 -352.6711513754839 485.4101966249685 1.0E9 star.gif
2.4662875768741824E11 3.775922346299025E10 -377.5922346299025 466.28757687418255 1.0E9 star.gif
2.4388122209715024E11 4.091990160374991E10 -409.19901603749906 438.81222097150226 1.0E9 star.gif
2.4167950222753986E11 4.316038802031906E10 -431.60388020319067 416.7950222753984 1.0E9 star.gif
2.3856725658119235E11 4.596266658713868E10 -459.6266658713868 385.6725658119236 1.0E9 star.gif
2.352671151375484E11 4.854101966249685E10 -485.4101966249685 352.6711513754839 1.0E9 star.gif
2.3267834210090164E11 5.032023407672543E10 -503.2023407672544 326.7834210090163 1.0E9 star.gif
2.290885772147802E11 5.247718242836375E10 -524.7718242836374 290.88577214780224 1.0E9 star.gif
2.2630226880734464E11 5.392764277795002E10 -539.2764277795002 263.0226880734465 1.0E9 star.gif
2.2247639560495474E11 5.563103127400724E10 -556.3103127400724 224.76395604954732 1.0E9 star.gif
2.1854101966249686E11 5.706339097770921E10 -570.6339097770921 185.41019662496848 1.0E9 star.gif
2.1552914270615125E11 5.79555495773441E10 -579.555495773441 155.29142706151245 1.0E9 star.gif
2.1144853972259268E11 5.889763100685984E10 -588.9763100685984 114.48539722592695 1.0E9 star.gif
2.0835038605760394E11 5.9416084124494225E10 -594.1608412449422 83.50386057603927 1.0E9 star.gif
2.0418538842464752E11 5.9853843015589455E10 -598.5384301558945 41.85388424647514 1.0E9 star.gif
2.0E11 6.0E10 -600.0 3.6739403974420595E-14 1.0E9 star.gif
1.9685984262542337E11 5.991777208527443E10 -599.1777208527443 -31.401573745766306 1.0E9 star.gif
1.9268783939569116E11 5.9552769098479324E10 -595.5276909847933 -73.12160604308842 1.0E9 star.gif
1.895811093399842E11 5.908846518073248E10 -590.8846518073248 -104.18890660015818 1.0E9 star.gif
1.8548468626401996E11 5.821774357655979E10 -582.1774357655979 -145.15313735980052 1.0E9 star.gif
1.8145898033750317E11 5.706339097770922E10 -570.6339097770922 -185.4101966249684 1.0E9 star.gif
1.7849792302728198E11 5.601482558983211E10 -560.148255898321 -215.02076972718015 1.0E9 star.gif
1.7464290429555804E11 5.4378467222199005E10 -543.78467222199 -253.5709570444196 1.0E9 star.gif
1.7183170623284656E11 5.297685557153563E10 -529.7685557153562 -281.6829376715343 1.0E9 star.gif
1.6820484414600772E11 5.088288576938557E10 -508.82885769385564 -317.95155853992287 1.0E9 star.gif
1.6473288486245163E11 4.854101966249685E10 -485.4101966249685 -352.6711513754838 1.0E9 star.gif
1.6224077653700977E11 4.662875768741826E10 -466.2875768741826 -377.59223462990235 1.0E9 star.gif
1.590800983962501E11 4.388122209715024E10 -438.81222097150237 -409.199016037499 1.0E9 star.gif
1.5683961197968094E11 4.167950222753985E10 -416.7950222753985 -431.60388020319056 1.0E9 star.gif
1.5403733341286133E11 3.856725658119237E10 -385.6725658119237 -459.62666587138676 1.0E9 star.gif
1.5145898033750317E11 3.526711513754839E10 -352.67115137548393 -485.4101966249684 1.0E9 star.gif
1.4967976592327457E11 3.2678342100901638E10 -326.78342100901637 -503.2023407672544 1.0E9 star.gif
1.4752281757163626E11 2.908857721478023E10 -290.8857721478023 -524.7718242836374 1.0E9 star.gif
1.4607235722205E11 2.630226880734466E10 -263.0226880734466 -539.2764277795001 1.0E9 star.gif
1.4436896872599277E11 2.2476395604954735E10 -224.76395604954735 -556.3103127400724 1.0E9 star.gif
1.4293660902229077E11 1.854101966249685E10 -185.4101966249685 -570.6339097770921 1.0E9 star.gif
1.420444504226559E11 1.552914270615126E10 -155.29142706151262 -579.555495773441 1.0E9 star.gif
1.4110236899314017E11 1.14485397225927E10 -114.48539722592699 -588.9763100685984 1.0E9 star.gif
1.4058391587550577E11 8.35038605760392E9 -83.5038605760392 -594.1608412449422 1.0E9 star.gif
1.4014615698441055E11 4.1853884246475315E9 -41.85388424647532 -598.5384301558945 1.0E9 star.gif
1.4E11 7.347880794884119E-6 -7.347880794884119E-14 -600.0 1.0E9 star.gif
1.400822279147256E11 -3.140157374576614E9 31.40157374576614 -599.1777208527443 1.0E9 star.gif
1.404472309015207E11 -7.312160604308866E9 73.12160604308865 -595.5276909847931 1.0E9 star.gif
1.4091153481926752E11 -1.041889066001583E10 104.18890660015828 -590.8846518073248 1.0E9 star.gif
1.4178225642344022E11 -1.4515313735980051E10 145.1531373598005 -582.1774357655979 1.0E9 star.gif
1.4293660902229077E11 -1.8541019662496864E10 185.41019662496865 -570.6339097770921 1.0E9 star.gif
1.439851744101679E11 -2.1502076972718025E10 215.02076972718027 -560.148255898321 1.0E9 star.gif
1.45621532777801E11 -2.5357095704441956E10 253.57095704441957 -543.78467222199 1.0E9 star.gif
1.4702314442846436E11 -2.8168293767153427E10 281.68293767153426 -529.7685557153562 1.0E9 star.gif
1.4911711423061444E11 -3.1795155853992287E10 317.95155853992287 -508.82885769385564 1.0E9 star.gif
1.5145898033750314E11 -3.526711513754838E10 352.6711513754838 -485.4101966249685 1.0E9 star.gif
1.5337124231258173E11 -3.7759223462990234E10 377.59223462990235 -466.28757687418266 1.0E9 star.gif
1.5611877790284976E11 -4.09199016037499E10 409.199016037499 -438.81222097150237 1.0E9 star.gif
1.5832049777246014E11 -4.316038802031905E10 431.6038802031905 -416.7950222753985 1.0E9 star.gif
1.6143274341880762E11 -4.596266658713867E10 459.62666587138676 -385.6725658119237 1.0E9 star.gif
1.647328848624516E11 -4.854101966249684E10 485.4101966249684 -352.67115137548393 1.0E9 star.gif
1.673216578990984E11 -5.032023407672544E10 503.20234076725444 -326.7834210090162 1.0E9 star.gif
1.7091142278521973E11 -5.247718242836373E10 524.7718242836373 -290.8857721478026 1.0E9 star.gif
1.7369773119265533E11 -5.392764277795001E10 539.2764277795001 -263.02268807344666 1.0E9 star.gif
1.7752360439504526E11 -5.563103127400724E10 556.3103127400724 -224.76395604954737 1.0E9 star.gif
1.8145898033750314E11 -5.706339097770921E10 570.6339097770921 -185.41019662496853 1.0E9 star.gif
1.8447085729384875E11 -5.79555495773441E10 579.555495773441 -155.29142706151237 1.0E9 star.gif
1.8855146027740732E11 -5.889763100685984E10 588.9763100685984 -114.48539722592676 1.0E9 star.gif
1.9164961394239606E11 -5.941608412449422E10 594.1608412449422 -83.5038605760395 1.0E9 star.gif
1.9581461157535248E11 -5.9853843015589455E10 598.5384301558945 -41.853884246475346 1.0E9 star.gif
2.0E11 -6.0E10 600.0 -1.1021821192326178E-13 1.0E9 star.gif
2.0314015737457657E11 -5.991777208527444E10 599.1777208527444 31.401573745765834 1.0E9 star.gif
2.0731216060430887E11 -5.955276909847932E10 595.5276909847931 73.1216060430886 1.0E9 star.gif
2.104188906600158E11 -5.908846518073249E10 590.8846518073249 104.18890660015798 1.0E9 star.gif
2.1451531373598004E11 -5.821774357655979E10 582.1774357655979 145.15313735980047 1.0E9 star.gif
2.1854101966249683E11 -5.706339097770922E10 570.6339097770922 185.41019662496834 1.0E9 star.gif
2.2150207697271802E11 -5.601482558983211E10 560.148255898321 215.02076972718024 1.0E9 star.gif
2.2535709570444193E11 -5.437846722219901E10 543.7846722219901 253.5709570444193 1.0E9 star.gif
2.281682937671534E11 -5.297685557153563E10 529.7685557153562 281.68293767153426 1.0E9 star.gif
2.3179515585399228E11 -5.088288576938557E10 508.82885769385564 317.9515585399228 1.0E9 star.gif
2.3526711513754837E11 -4.854101966249686E10 485.41019662496853 352.67115137548376 1.0E9 star.gif
2.377592234629902E11 -4.662875768741828E10 466.28757687418283 377.5922346299021 1.0E9 star.gif
2.409199016037499E11 -4.388122209715022E10 438.8122209715022 409.1990160374992 1.0E9 star.gif
2.4316038802031906E11 -4.1679502227539856E10 416.79502227539854 431.6038802031905 1.0E9 star.gif
2.4596266658713867E11 -3.8567256581192375E10 385.67256581192373 459.62666587138665 1.0E9 star.gif
2.4854101966249683E11 -3.52671151375484E10 352.671151375484 485.4101966249684 1.0E9 star.gif
2.5032023407672543E11 -3.267834210090162E10 326.7834210090162 503.20234076725444 1.0E9 star.gif
2.524771824283637E11 -2.9088577214780262E10 290.8857721478026 524.7718242836372 1.0E9 star.gif
2.5392764277795E11 -2.630226880734467E10 263.02268807344666 539.2764277795001 1.0E9 star.gif
2.5563103127400723E11 -2.2476395604954742E10 224.7639560495474 556.3103127400724 1.0E9 star.gif
2.5706339097770923E11 -1.8541019662496857E10 185.41019662496856 570.6339097770921 1.0E9 star.gif
2.5795554957734412E11 -1.5529142706151241E10 155.29142706151242 579.555495773441 1.0E9 star.gif
2.5889763100685983E11 -1.144853972259268E10 114.4853972259268 588.9763100685984 1.0E9 star.gif
2.594160841244942E11 -8.350386057603953E9 83.50386057603953 594.1608412449422 1.0E9 star.gif
2.5985384301558945E11 -4.185388424647538E9 41.85388424647538 598.5384301558945 1.0E9 star.gif
2.5E11 0.0 -0.0 500.0 1.0E9 star.gif
2.499314767377287E11 2.6167978121471915E9 -26.167978121471915 499.3147673772869 1.0E9 star.gif
2.496273075820661E11 6.093467170257374E9 -60.93467170257374 496.273075820661 1.0E9 star.gif
2.492403876506104E11 8.682408883346516E9 -86.82408883346517 492.403876506104 1.0E9 star.gif
2.485147863137998E11 1.2096094779983387E10 -120.96094779983386 485.14786313799823 1.0E9 star.gif
2.475528258147577E11 1.545084971874737E10 -154.5084971874737 475.52825814757676 1.0E9 star.gif
2.4667902132486008E11 1.7918397477265015E10 -179.18397477265015 466.7902132486009 1.0E9 star.gif
2.453153893518325E11 2.1130913087034973E10 -211.30913087034972 453.153893518325 1.0E9 star.gif
2.4414737964294635E11 2.347357813929454E10 -234.7357813929454 441.4737964294635 1.0E9 star.gif
2.424024048078213E11 2.6495963211660244E10 -264.95963211660245 424.02404807821296 1.0E9 star.gif
2.4045084971874738E11 2.9389262614623657E10 -293.8926261462366 404.5084971874737 1.0E9 star.gif
2.3885729807284854E11 3.1466019552491875E10 -314.6601955249188 388.57298072848545 1.0E9 star.gif
2.3656768508095853E11 3.4099918003124924E10 -340.99918003124924 365.67685080958523 1.0E9 star.gif
2.3473291852294986E11 3.5966990016932556E10 -359.66990016932556 347.3291852294987 1.0E9 star.gif
2.3213938048432697E11 3.83022221559489E10 -383.022221559489 321.39380484326966 1.0E9 star.gif
2.2938926261462366E11 4.0450849718747375E10 -404.5084971874737 293.8926261462366 1.0E9 star.gif
2.2723195175075134E11 4.1933528397271194E10 -419.335283972712 272.3195175075136 1.0E9 star.gif
2.2424048101231686E11 4.373098535696979E10 -437.30985356969785 242.40481012316855 1.0E9 star.gif
2.2191855733945386E11 4.493970231495835E10 -449.3970231495835 219.18557339453872 1.0E9 star.gif
2.187303296707956E11 4.635919272833936E10 -463.59192728339366 187.3032967079561 1.0E9 star.gif
2.1545084971874738E11 4.7552825814757675E10 -475.52825814757676 154.50849718747372 1.0E9 star.gif
2.1294095225512604E11 4.8296291314453415E10 -482.9629131445342 129.40952255126038 1.0E9 star.gif
2.0954044976882724E11 4.90813591723832E10 -490.81359172383196 95.40449768827246 1.0E9 star.gif
2.0695865504800327E11 4.951340343707852E10 -495.1340343707852 69.58655048003273 1.0E9 star.gif
2.0348782368720627E11 4.987820251299121E10 -498.7820251299121 34.878236872062615 1.0E9 star.gif
2.0E11 5.0E10 -500.0 3.061616997868383E-14 1.0E9 star.gif
1.973832021878528E11 4.993147673772869E10 -499.3147673772869 -26.167978121471922 1.0E9 star.gif
1.9390653282974265E11 4.96273075820661E10 -496.27307582066106 -60.93467170257368 1.0E9 star.gif
1.9131759111665347E11 4.92403876506104E10 -492.403876506104 -86.82408883346515 1.0E9 star.gif
1.8790390522001663E11 4.851478631379982E10 -485.14786313799823 -120.96094779983378 1.0E9 star.gif
1.8454915028125262E11 4.755282581475768E10 -475.5282581475768 -154.50849718747367 1.0E9 star.gif
1.82081602522735E11 4.6679021324860085E10 -466.7902132486009 -179.18397477265015 1.0E9 star.gif
1.7886908691296503E11 4.5315389351832504E10 -453.15389351832505 -211.30913087034966 1.0E9 star.gif
1.7652642186070547E11 4.414737964294636E10 -441.47379642946356 -234.73578139294526 1.0E9 star.gif
1.7350403678833975E11 4.2402404807821304E10 -424.024048078213 -264.9596321166024 1.0E9 star.gif
1.7061073738537634E11 4.0450849718747375E10 -404.5084971874737 -293.8926261462365 1.0E9 star.gif
1.6853398044750815E11 3.885729807284855E10 -388.5729807284855 -314.66019552491866 1.0E9 star.gif
1.659000819968751E11 3.656768508095853E10 -365.6768508095853 -340.9991800312492 1.0E9 star.gif
1.6403300998306744E11 3.4732918522949875E10 -347.32918522949876 -359.6699001693255 1.0E9 star.gif
1.616977778440511E11 3.2139380484326973E10 -321.3938048432697 -383.02222155948897 1.0E9 star.gif
1.5954915028125262E11 2.938926261462366E10 -293.89262614623664 -404.50849718747367 1.0E9 star.gif
1.5806647160272882E11 2.7231951750751366E10 -272.31951750751364 -419.335283972712 1.0E9 star.gif
1.562690146430302E11 2.424048101231686E10 -242.40481012316857 -437.30985356969785 1.0E9 star.gif
1.5506029768504166E11 2.1918557339453884E10 -219.18557339453884 -449.3970231495834 1.0E9 star.gif
1.5364080727166064E11 1.8730329670795612E10 -187.30329670795612 -463.59192728339366 1.0E9 star.gif
1.524471741852423E11 1.5450849718747375E10 -154.50849718747375 -475.52825814757676 1.0E9 star.gif
1.517037086855466E11 1.294095225512605E10 -129.40952255126052 -482.9629131445341 1.0E9 star.gif
1.509186408276168E11 9.540449768827248E9 -95.40449768827249 -490.81359172383196 1.0E9 star.gif
1.5048659656292148E11 6.958655048003266E9 -69.58655048003267 -495.1340343707852 1.0E9 star.gif
1.501217974870088E11 3.4878236872062764E9 -34.878236872062764 -498.7820251299121 1.0E9 star.gif
1.5E11 6.123233995736766E-6 -6.123233995736766E-14 -500.0 1.0E9 star.gif
1.500685232622713E11 -2.616797812147178E9 26.167978121471783 -499.3147673772869 1.0E9 star.gif
1.503726924179339E11 -6.093467170257388E9 60.93467170257388 -496.273075820661 1.0E9 star.gif
1.507596123493896E11 -8.682408883346523E9 86.82408883346524 -492.403876506104 1.0E9 star.gif
1.5148521368620016E11 -1.2096094779983376E10 120.96094779983376 -485.1478631379983 1.0E9 star.gif
1.524471741852423E11 -1.5450849718747387E10 154.50849718747386 -475.52825814757676 1.0E9 star.gif
1.5332097867513992E11 -1.7918397477265022E10 179.18397477265023 -466.7902132486009 1.0E9 star.gif
1.5468461064816748E11 -2.1130913087034966E10 211.30913087034963 -453.15389351832505 1.0E9 star.gif
1.5585262035705365E11 -2.3473578139294525E10 234.73578139294523 -441.47379642946356 1.0E9 star.gif
1.575975951921787E11 -2.649596321166024E10 264.9596321166024 -424.024048078213 1.0E9 star.gif
1.5954915028125262E11 -2.938926261462365E10 293.8926261462365 -404.5084971874737 1.0E9 star.gif
1.6114270192715143E11 -3.1466019552491863E10 314.66019552491866 -388.57298072848556 1.0E9 star.gif
1.6343231491904147E11 -3.409991800312492E10 340.9991800312492 -365.6768508095853 1.0E9 star.gif
1.652670814770501E11 -3.596699001693254E10 359.66990016932544 -347.32918522949876 1.0E9 star.gif
1.6786061951567303E11 -3.83022221559489E10 383.02222155948897 -321.3938048432697 1.0E9 star.gif
1.7061073738537634E11 -4.045084971874737E10 404.50849718747367 -293.89262614623664 1.0E9 star.gif
1.7276804824924866E11 -4.19335283972712E10 419.33528397271203 -272.31951750751347 1.0E9 star.gif
1.757595189876831E11 -4.373098535696977E10 437.30985356969774 -242.4048101231688 1.0E9 star.gif
1.780814426605461E11 -4.493970231495834E10 449.3970231495834 -219.18557339453886 1.0E9 star.gif
1.8126967032920438E11 -4.635919272833936E10 463.59192728339366 -187.30329670795615 1.0E9 star.gif
1.8454915028125262E11 -4.7552825814757675E10 475.52825814757676 -154.50849718747378 1.0E9 star.gif
1.8705904774487396E11 -4.8296291314453415E10 482.9629131445342 -129.40952255126032 1.0E9 star.gif
1.9045955023117276E11 -4.90813591723832E10 490.81359172383196 -95.4044976882723 1.0E9 star.gif
1.930413449519967E11 -4.9513403437078514E10 495.1340343707851 -69.58655048003291 1.0E9 star.gif
1.9651217631279373E11 -4.987820251299121E10 498.7820251299121 -34.87823687206279 1.0E9 star.gif
2.0E11 -5.0E10 500.0 -9.184850993605149E-14 1.0E9 star.gif
2.0261679781214716E11 -4.99314767377287E10 499.31476737728696 26.167978121471528 1.0E9 star.gif
2.060934671702574E11 -4.96273075820661E10 496.273075820661 60.934671702573844 1.0E9 star.gif
2.086824088833465E11 -4.9240387650610405E10 492.40387650610404 86.82408883346498 1.0E9 star.gif
2.1209609477998337E11 -4.851478631379983E10 485.1478631379983 120.96094779983373 1.0E9 star.gif
2.1545084971874738E11 -4.755282581475768E10 475.5282581475768 154.5084971874736 1.0E9 star.gif
2.17918397477265E11 -4.6679021324860085E10 466.7902132486009 179.1839747726502 1.0E9 star.gif
2.2113091308703494E11 -4.531538935183251E10 453.15389351832516 211.3091308703494 1.0E9 star.gif
2.2347357813929453E11 -4.414737964294636E10 441.47379642946356 234.7357813929452 1.0E9 star.gif
2.2649596321166022E11 -4.2402404807821304E10 424.024048078213 264.95963211660234 1.0E9 star.gif
2.2938926261462366E11 -4.0450849718747375E10 404.5084971874738 293.89262614623647 1.0E9 star.gif
2.3146601955249185E11 -3.8857298072848564E10 388.5729807284857 314.66019552491844 1.0E9 star.gif
2.3409991800312494E11 -3.656768508095852E10 365.6768508095852 340.9991800312493 1.0E9 star.gif
2.3596699001693256E11 -3.473291852294988E10 347.3291852294988 359.66990016932544 1.0E9 star.gif
2.3830222215594888E11 -3.213938048432698E10 321.3938048432698 383.0222215594889 1.0E9 star.gif
2.4045084971874738E11 -2.938926261462367E10 293.8926261462367 404.50849718747367 1.0E9 star.gif
2.419335283972712E11 -2.723195175075135E10 272.31951750751347 419.33528397271203 1.0E9 star.gif
2.437309853569698E11 -2.4240481012316883E10 242.40481012316883 437.3098535696977 1.0E9 star.gif
2.4493970231495834E11 -2.1918557339453888E10 219.1855733945389 449.3970231495834 1.0E9 star.gif
2.4635919272833936E11 -1.8730329670795616E10 187.30329670795618 463.59192728339366 1.0E9 star.gif
2.475528258147577E11 -1.5450849718747381E10 154.5084971874738 475.52825814757676 1.0E9 star.gif
2.4829629131445343E11 -1.2940952255126034E10 129.40952255126035 482.9629131445342 1.0E9 star.gif
2.490813591723832E11 -9.540449768827232E9 95.40449768827233 490.81359172383196 1.0E9 star.gif
2.4951340343707852E11 -6.958655048003294E9 69.58655048003294 495.1340343707851 1.0E9 star.gif
2.498782025129912E11 -3.4878236872062817E9 34.878236872062814 498.7820251299121 1.0E9 star.gif
2.4E11 0.0 -0.0 400.0 1.0E9 star.gif
2.3994518139018295E11 2.0934382497177532E9 -20.93438249717753 399.45181390182955 1.0E9 star.gif
2.397018460656529E11 4.874773736205899E9 -48.74773736205899 397.0184606565288 1.0E9 star.gif
2.393923101204883E11 6.945927106677214E9 -69.45927106677213 393.9231012048832 1.0E9 star.gif
2.3881182905103986E11 9.67687582398671E9 -96.7687582398671 388.1182905103986 1.0E9 star.gif
2.3804226065180615E11 1.2360679774997896E10 -123.60679774997895 380.4226065180614 1.0E9 star.gif
2.3734321705988806E11 1.433471798181201E10 -143.3471798181201 373.4321705988807 1.0E9 star.gif
2.36252311481466E11 1.6904730469627977E10 -169.04730469627978 362.52311481465995 1.0E9 star.gif
2.353179037143571E11 1.877886251143563E10 -187.78862511435634 353.1790371435708 1.0E9 star.gif
2.3392192384625705E11 2.1196770569328197E10 -211.96770569328197 339.2192384625704 1.0E9 star.gif
2.323606797749979E11 2.3511410091698925E10 -235.11410091698926 323.60679774997897 1.0E9 star.gif
2.3108583845827884E11 2.51728156419935E10 -251.728156419935 310.85838458278835 1.0E9 star.gif
2.292541480647668E11 2.727993440249994E10 -272.7993440249994 292.5414806476682 1.0E9 star.gif
2.277863348183599E11 2.8773592013546043E10 -287.73592013546045 277.86334818359893 1.0E9 star.gif
2.2571150438746158E11 3.064177772475912E10 -306.41777724759123 257.11504387461576 1.0E9 star.gif
2.235114100916989E11 3.23606797749979E10 -323.60679774997897 235.11410091698926 1.0E9 star.gif
2.2178556140060107E11 3.354682271781696E10 -335.46822717816957 217.85561400601088 1.0E9 star.gif
2.193923848098535E11 3.498478828557583E10 -349.8478828557583 193.92384809853485 1.0E9 star.gif
2.175348458715631E11 3.595176185196668E10 -359.5176185196668 175.34845871563098 1.0E9 star.gif
2.1498426373663647E11 3.708735418267149E10 -370.8735418267149 149.84263736636487 1.0E9 star.gif
2.123606797749979E11 3.8042260651806145E10 -380.4226065180614 123.60679774997898 1.0E9 star.gif
2.1035276180410083E11 3.863703305156273E10 -386.3703305156273 103.5276180410083 1.0E9 star.gif
2.076323598150618E11 3.926508733790656E10 -392.6508733790656 76.32359815061797 1.0E9 star.gif
2.0556692403840262E11 3.961072274966281E10 -396.1072274966281 55.66924038402619 1.0E9 star.gif
2.02790258949765E11 3.990256201039297E10 -399.02562010392967 27.902589497650094 1.0E9 star.gif
2.0E11 4.0E10 -400.0 2.4492935982947064E-14 1.0E9 star.gif
1.9790656175028226E11 3.994518139018295E10 -399.45181390182955 -20.934382497177538 1.0E9 star.gif
1.951252262637941E11 3.9701846065652885E10 -397.0184606565288 -48.74773736205895 1.0E9 star.gif
1.9305407289332278E11 3.939231012048832E10 -393.9231012048832 -69.45927106677212 1.0E9 star.gif
1.903231241760133E11 3.8811829051039856E10 -388.1182905103986 -96.76875823986703 1.0E9 star.gif
1.876393202250021E11 3.8042260651806145E10 -380.42260651806146 -123.60679774997894 1.0E9 star.gif
1.85665282018188E11 3.734321705988807E10 -373.4321705988807 -143.3471798181201 1.0E9 star.gif
1.8309526953037204E11 3.6252311481466E10 -362.52311481466 -169.04730469627972 1.0E9 star.gif
1.812211374885644E11 3.5317903714357086E10 -353.17903714357084 -187.78862511435622 1.0E9 star.gif
1.788032294306718E11 3.3921923846257042E10 -339.21923846257044 -211.9677056932819 1.0E9 star.gif
1.764885899083011E11 3.23606797749979E10 -323.60679774997897 -235.1141009169892 1.0E9 star.gif
1.748271843580065E11 3.108583845827884E10 -310.8583845827884 -251.72815641993492 1.0E9 star.gif
1.7272006559750006E11 2.9254148064766823E10 -292.5414806476682 -272.79934402499936 1.0E9 star.gif
1.7122640798645395E11 2.7786334818359898E10 -277.863348183599 -287.7359201354604 1.0E9 star.gif
1.6935822227524088E11 2.571150438746158E10 -257.11504387461576 -306.4177772475912 1.0E9 star.gif
1.676393202250021E11 2.351141009169893E10 -235.1141009169893 -323.6067977499789 1.0E9 star.gif
1.6645317728218304E11 2.1785561400601093E10 -217.8556140060109 -335.46822717816957 1.0E9 star.gif
1.6501521171442416E11 1.9392384809853485E10 -193.92384809853488 -349.8478828557583 1.0E9 star.gif
1.6404823814803333E11 1.7534845871563107E10 -175.34845871563107 -359.5176185196667 1.0E9 star.gif
1.629126458173285E11 1.498426373663649E10 -149.8426373663649 -370.8735418267149 1.0E9 star.gif
1.6195773934819385E11 1.23606797749979E10 -123.60679774997901 -380.4226065180614 1.0E9 star.gif
1.6136296694843726E11 1.0352761804100842E10 -103.52761804100841 -386.3703305156273 1.0E9 star.gif
1.6073491266209344E11 7.632359815061799E9 -76.32359815061798 -392.6508733790656 1.0E9 star.gif
1.603892772503372E11 5.566924038402613E9 -55.66924038402613 -396.1072274966281 1.0E9 star.gif
1.6009743798960703E11 2.790258949765021E9 -27.90258949765021 -399.02562010392967 1.0E9 star.gif
1.6E11 4.898587196589413E-6 -4.898587196589413E-14 -400.0 1.0E9 star.gif
1.6005481860981705E11 -2.0934382497177424E9 20.934382497177424 -399.45181390182955 1.0E9 star.gif
1.602981539343471E11 -4.87477373620591E9 48.7477373620591 -397.0184606565288 1.0E9 star.gif
1.606076898795117E11 -6.945927106677218E9 69.45927106677219 -393.9231012048832 1.0E9 star.gif
1.6118817094896014E11 -9.6768758239867E9 96.768758239867 -388.11829051039865 1.0E9 star.gif
1.6195773934819385E11 -1.236067977499791E10 123.6067977499791 -380.4226065180614 1.0E9 star.gif
1.6265678294011194E11 -1.4334717981812017E10 143.34717981812017 -373.4321705988807 1.0E9 star.gif
1.63747688518534E11 -1.6904730469627972E10 169.0473046962797 -362.52311481466 1.0E9 star.gif
1.646820962856429E11 -1.877886251143562E10 187.7886251143562 -353.17903714357084 1.0E9 star.gif
1.6607807615374295E11 -2.119677056932819E10 211.9677056932819 -339.21923846257044 1.0E9 star.gif
1.676393202250021E11 -2.351141009169892E10 235.1141009169892 -323.60679774997897 1.0E9 star.gif
1.6891416154172116E11 -2.5172815641993492E10 251.72815641993492 -310.85838458278846 1.0E9 star.gif
1.707458519352332E11 -2.7279934402499935E10 272.79934402499936 -292.5414806476682 1.0E9 star.gif
1.722136651816401E11 -2.8773592013546036E10 287.73592013546033 -277.863348183599 1.0E9 star.gif
1.7428849561253842E11 -3.0641777724759117E10 306.4177772475912 -257.11504387461576 1.0E9 star.gif
1.764885899083011E11 -3.2360679774997894E10 323.6067977499789 -235.1141009169893 1.0E9 star.gif
1.7821443859939893E11 -3.3546822717816963E10 335.4682271781696 -217.8556140060108 1.0E9 star.gif
1.8060761519014648E11 -3.498478828557582E10 349.8478828557582 -193.92384809853505 1.0E9 star.gif
1.824651541284369E11 -3.5951761851966675E10 359.5176185196667 -175.3484587156311 1.0E9 star.gif
1.850157362633635E11 -3.708735418267149E10 370.8735418267149 -149.84263736636493 1.0E9 star.gif
1.876393202250021E11 -3.8042260651806145E10 380.4226065180614 -123.60679774997902 1.0E9 star.gif
1.8964723819589917E11 -3.863703305156273E10 386.3703305156273 -103.52761804100825 1.0E9 star.gif
1.923676401849382E11 -3.926508733790656E10 392.6508733790656 -76.32359815061784 1.0E9 star.gif
1.9443307596159738E11 -3.961072274966281E10 396.1072274966281 -55.66924038402633 1.0E9 star.gif
1.97209741050235E11 -3.990256201039297E10 399.02562010392967 -27.902589497650233 1.0E9 star.gif
2.0E11 -4.0E10 400.0 -7.347880794884119E-14 1.0E9 star.gif
2.020934382497177E11 -3.994518139018296E10 399.45181390182955 20.93438249717722 1.0E9 star.gif
2.048747737362059E11 -3.970184606565288E10 397.0184606565288 48.74773736205908 1.0E9 star.gif
2.069459271066772E11 -3.939231012048833E10 393.92310120488327 69.45927106677199 1.0E9 star.gif
2.096768758239867E11 -3.881182905103986E10 388.11829051039865 96.76875823986698 1.0E9 star.gif
2.123606797749979E11 -3.8042260651806145E10 380.42260651806146 123.6067977499789 1.0E9 star.gif
2.14334717981812E11 -3.734321705988807E10 373.4321705988807 143.34717981812014 1.0E9 star.gif
2.1690473046962796E11 -3.625231148146601E10 362.5231148146601 169.04730469627953 1.0E9 star.gif
2.187788625114356E11 -3.5317903714357086E10 353.17903714357084 187.78862511435617 1.0E9 star.gif
2.211967705693282E11 -3.3921923846257042E10 339.21923846257044 211.96770569328186 1.0E9 star.gif
2.235114100916989E11 -3.2360679774997902E10 323.606797749979 235.11410091698917 1.0E9 star.gif
2.2517281564199347E11 -3.1085838458278854E10 310.8583845827885 251.72815641993475 1.0E9 star.gif
2.2727993440249994E11 -2.9254148064766815E10 292.54148064766815 272.7993440249994 1.0E9 star.gif
2.2877359201354602E11 -2.7786334818359905E10 277.86334818359904 287.73592013546033 1.0E9 star.gif
2.3064177772475912E11 -2.5711504387461582E10 257.1150438746158 306.4177772475911 1.0E9 star.gif
2.323606797749979E11 -2.3511410091698933E10 235.11410091698934 323.6067977499789 1.0E9 star.gif
2.3354682271781696E11 -2.1785561400601078E10 217.8556140060108 335.4682271781696 1.0E9 star.gif
2.349847882855758E11 -1.9392384809853508E10 193.92384809853507 349.84788285575814 1.0E9 star.gif
2.3595176185196667E11 -1.753484587156311E10 175.34845871563112 359.5176185196667 1.0E9 star.gif
2.370873541826715E11 -1.4984263736636494E10 149.84263736636493 370.8735418267149 1.0E9 star.gif
2.3804226065180615E11 -1.2360679774997904E10 123.60679774997905 380.4226065180614 1.0E9 star.gif
2.3863703305156274E11 -1.0352761804100828E10 103.52761804100827 386.3703305156273 1.0E9 star.gif
2.3926508733790656E11 -7.632359815061787E9 76.32359815061787 392.6508733790656 1.0E9 star.gif
2.396107227496628E11 -5.566924038402636E9 55.66924038402635 396.1072274966281 1.0E9 star.gif
2.3990256201039297E11 -2.7902589497650256E9 27.902589497650254 399.02562010392967 1.0E9 star.gif
2.3E11 0.0 -0.0 300.0 1.0E9 star.gif
2.299588860426372E11 1.5700786872883148E9 -15.700786872883148 299.58886042637215 1.0E9 star.gif
2.2977638454923965E11 3.656080302154424E9 -36.560803021544245 297.76384549239657 1.0E9 star.gif
2.2954423259036624E11 5.20944533000791E9 -52.0944533000791 295.4423259036624 1.0E9 star.gif
2.291088717882799E11 7.257656867990032E9 -72.57656867990032 291.08871788279896 1.0E9 star.gif
2.285316954888546E11 9.270509831248423E9 -92.70509831248422 285.31695488854604 1.0E9 star.gif
2.2800741279491605E11 1.0751038486359009E10 -107.51038486359008 280.0741279491605 1.0E9 star.gif
2.271892336110995E11 1.2678547852220984E10 -126.78547852220983 271.89233611099496 1.0E9 star.gif
2.2648842778576782E11 1.4084146883576725E10 -140.84146883576724 264.8842778576781 1.0E9 star.gif
2.2544144288469278E11 1.5897577926996147E10 -158.97577926996146 254.4144288469278 1.0E9 star.gif
2.242705098312484E11 1.7633557568774193E10 -176.33557568774194 242.70509831248424 1.0E9 star.gif
2.2331437884370914E11 1.8879611731495125E10 -188.79611731495126 233.14378843709127 1.0E9 star.gif
2.219406110485751E11 2.0459950801874954E10 -204.59950801874953 219.40611048575113 1.0E9 star.gif
2.2083975111376993E11 2.158019401015953E10 -215.80194010159533 208.3975111376992 1.0E9 star.gif
2.192836282905962E11 2.298133329356934E10 -229.8133329356934 192.8362829059618 1.0E9 star.gif
2.176335575687742E11 2.4270509831248425E10 -242.70509831248424 176.33557568774194 1.0E9 star.gif
2.163391710504508E11 2.5160117038362717E10 -251.6011703836272 163.39171050450815 1.0E9 star.gif
2.145442886073901E11 2.6238591214181873E10 -262.3859121418187 145.44288607390112 1.0E9 star.gif
2.1315113440367233E11 2.696382138897501E10 -269.6382138897501 131.51134403672324 1.0E9 star.gif
2.1123819780247736E11 2.781551563700362E10 -278.1551563700362 112.38197802477366 1.0E9 star.gif
2.092705098312484E11 2.8531695488854607E10 -285.31695488854604 92.70509831248424 1.0E9 star.gif
2.0776457135307562E11 2.897777478867205E10 -289.7777478867205 77.64571353075623 1.0E9 star.gif
2.0572426986129636E11 2.944881550342992E10 -294.4881550342992 57.24269861296347 1.0E9 star.gif
2.0417519302880197E11 2.9708042062247112E10 -297.0804206224711 41.751930288019636 1.0E9 star.gif
2.0209269421232376E11 2.9926921507794727E10 -299.26921507794725 20.92694212323757 1.0E9 star.gif
2.0E11 3.0E10 -300.0 1.8369701987210297E-14 1.0E9 star.gif
1.9842992131271167E11 2.9958886042637215E10 -299.58886042637215 -15.700786872883153 1.0E9 star.gif
1.9634391969784558E11 2.9776384549239662E10 -297.7638454923966 -36.56080302154421 1.0E9 star.gif
1.947905546699921E11 2.954423259036624E10 -295.4423259036624 -52.09445330007909 1.0E9 star.gif
1.9274234313200998E11 2.9108871788279896E10 -291.08871788279896 -72.57656867990026 1.0E9 star.gif
1.907294901687516E11 2.853169548885461E10 -285.3169548885461 -92.7050983124842 1.0E9 star.gif
1.89248961513641E11 2.8007412794916054E10 -280.0741279491605 -107.51038486359008 1.0E9 star.gif
1.8732145214777902E11 2.7189233611099503E10 -271.892336110995 -126.7854785222098 1.0E9 star.gif
1.8591585311642328E11 2.6488427785767815E10 -264.8842778576781 -140.84146883576716 1.0E9 star.gif
1.8410242207300385E11 2.5441442884692783E10 -254.41442884692782 -158.97577926996144 1.0E9 star.gif
1.823664424312258E11 2.4270509831248425E10 -242.70509831248424 -176.3355756877419 1.0E9 star.gif
1.8112038826850488E11 2.331437884370913E10 -233.1437884370913 -188.79611731495118 1.0E9 star.gif
1.7954004919812506E11 2.194061104857512E10 -219.40611048575119 -204.5995080187495 1.0E9 star.gif
1.7841980598984045E11 2.0839751113769924E10 -208.39751113769924 -215.80194010159528 1.0E9 star.gif
1.7701866670643066E11 1.9283628290596184E10 -192.83628290596184 -229.81333293569338 1.0E9 star.gif
1.757294901687516E11 1.7633557568774197E10 -176.33557568774197 -242.7050983124842 1.0E9 star.gif
1.7483988296163727E11 1.6339171050450819E10 -163.39171050450818 -251.6011703836272 1.0E9 star.gif
1.737614087858181E11 1.4544288607390116E10 -145.44288607390115 -262.3859121418187 1.0E9 star.gif
1.73036178611025E11 1.315113440367233E10 -131.5113440367233 -269.63821388975003 1.0E9 star.gif
1.7218448436299637E11 1.1238197802477367E10 -112.38197802477367 -278.1551563700362 1.0E9 star.gif
1.714683045111454E11 9.270509831248425E9 -92.70509831248425 -285.31695488854604 1.0E9 star.gif
1.7102222521132794E11 7.76457135307563E9 -77.64571353075631 -289.7777478867205 1.0E9 star.gif
1.7055118449657007E11 5.72426986129635E9 -57.242698612963494 -294.4881550342992 1.0E9 star.gif
1.702919579377529E11 4.17519302880196E9 -41.7519302880196 -297.0804206224711 1.0E9 star.gif
1.7007307849220526E11 2.0926942123237658E9 -20.92694212323766 -299.26921507794725 1.0E9 star.gif
1.7E11 3.6739403974420597E-6 -3.6739403974420595E-14 -300.0 1.0E9 star.gif
1.700411139573628E11 -1.570078687288307E9 15.70078687288307 -299.58886042637215 1.0E9 star.gif
1.7022361545076035E11 -3.656080302154433E9 36.560803021544324 -297.76384549239657 1.0E9 star.gif
1.7045576740963376E11 -5.209445330007915E9 52.09445330007914 -295.4423259036624 1.0E9 star.gif
1.708911282117201E11 -7.2576568679900255E9 72.57656867990025 -291.08871788279896 1.0E9 star.gif
1.714683045111454E11 -9.270509831248432E9 92.70509831248432 -285.31695488854604 1.0E9 star.gif
1.7199258720508395E11 -1.0751038486359013E10 107.51038486359013 -280.0741279491605 1.0E9 star.gif
1.728107663889005E11 -1.2678547852220978E10 126.78547852220979 -271.892336110995 1.0E9 star.gif
1.7351157221423218E11 -1.4084146883576714E10 140.84146883576713 -264.8842778576781 1.0E9 star.gif
1.7455855711530722E11 -1.5897577926996143E10 158.97577926996144 -254.41442884692782 1.0E9 star.gif
1.757294901687516E11 -1.763355756877419E10 176.3355756877419 -242.70509831248424 1.0E9 star.gif
1.7668562115629086E11 -1.8879611731495117E10 188.79611731495118 -233.14378843709133 1.0E9 star.gif
1.7805938895142487E11 -2.045995080187495E10 204.5995080187495 -219.40611048575119 1.0E9 star.gif
1.7916024888623007E11 -2.1580194010159527E10 215.80194010159525 -208.39751113769924 1.0E9 star.gif
1.807163717094038E11 -2.2981333293569336E10 229.81333293569338 -192.83628290596184 1.0E9 star.gif
1.823664424312258E11 -2.427050983124842E10 242.7050983124842 -176.33557568774197 1.0E9 star.gif
1.836608289495492E11 -2.516011703836272E10 251.60117038362722 -163.3917105045081 1.0E9 star.gif
1.8545571139260986E11 -2.6238591214181866E10 262.38591214181866 -145.4428860739013 1.0E9 star.gif
1.8684886559632767E11 -2.6963821388975006E10 269.63821388975003 -131.51134403672333 1.0E9 star.gif
1.8876180219752264E11 -2.781551563700362E10 278.1551563700362 -112.38197802477369 1.0E9 star.gif
1.907294901687516E11 -2.8531695488854607E10 285.31695488854604 -92.70509831248427 1.0E9 star.gif
1.9223542864692438E11 -2.897777478867205E10 289.7777478867205 -77.64571353075618 1.0E9 star.gif
1.9427573013870367E11 -2.944881550342992E10 294.4881550342992 -57.24269861296338 1.0E9 star.gif
1.9582480697119803E11 -2.970804206224711E10 297.0804206224711 -41.75193028801975 1.0E9 star.gif
1.9790730578767624E11 -2.9926921507794727E10 299.26921507794725 -20.926942123237673 1.0E9 star.gif
2.0E11 -3.0E10 300.0 -5.510910596163089E-14 1.0E9 star.gif
2.015700786872883E11 -2.995888604263722E10 299.5888604263722 15.700786872882917 1.0E9 star.gif
2.0365608030215442E11 -2.977638454923966E10 297.76384549239657 36.5608030215443 1.0E9 star.gif
2.052094453300079E11 -2.9544232590366245E10 295.44232590366244 52.09445330007899 1.0E9 star.gif
2.0725765686799002E11 -2.9108871788279896E10 291.08871788279896 72.57656867990023 1.0E9 star.gif
2.092705098312484E11 -2.853169548885461E10 285.3169548885461 92.70509831248417 1.0E9 star.gif
2.10751038486359E11 -2.8007412794916054E10 280.0741279491605 107.51038486359012 1.0E9 star.gif
2.1267854785222098E11 -2.7189233611099506E10 271.8923361109951 126.78547852220964 1.0E9 star.gif
2.1408414688357672E11 -2.6488427785767815E10 264.8842778576781 140.84146883576713 1.0E9 star.gif
2.1589757792699615E11 -2.5441442884692783E10 254.41442884692782 158.9757792699614 1.0E9 star.gif
2.176335575687742E11 -2.427050983124843E10 242.70509831248427 176.33557568774188 1.0E9 star.gif
2.1887961173149512E11 -2.331437884370914E10 233.14378843709142 188.79611731495106 1.0E9 star.gif
2.2045995080187497E11 -2.194061104857511E10 219.4061104857511 204.5995080187496 1.0E9 star.gif
2.2158019401015952E11 -2.0839751113769928E10 208.39751113769927 215.80194010159525 1.0E9 star.gif
2.2298133329356934E11 -1.9283628290596188E10 192.83628290596187 229.81333293569332 1.0E9 star.gif
2.242705098312484E11 -1.76335575687742E10 176.335575687742 242.7050983124842 1.0E9 star.gif
2.2516011703836273E11 -1.633917105045081E10 163.3917105045081 251.60117038362722 1.0E9 star.gif
2.2623859121418185E11 -1.4544288607390131E10 145.4428860739013 262.3859121418186 1.0E9 star.gif
2.26963821388975E11 -1.3151134403672335E10 131.51134403672333 269.63821388975003 1.0E9 star.gif
2.2781551563700363E11 -1.1238197802477371E10 112.3819780247737 278.1551563700362 1.0E9 star.gif
2.285316954888546E11 -9.270509831248428E9 92.70509831248428 285.31695488854604 1.0E9 star.gif
2.2897777478867206E11 -7.764571353075621E9 77.64571353075621 289.7777478867205 1.0E9 star.gif
2.2944881550342993E11 -5.72426986129634E9 57.2426986129634 294.4881550342992 1.0E9 star.gif
2.297080420622471E11 -4.1751930288019767E9 41.751930288019764 297.0804206224711 1.0E9 star.gif
2.2992692150779474E11 -2.092694212323769E9 20.92694212323769 299.26921507794725 1.0E9 star.gif
2.2E11 0.0 -0.0 200.0 1.0E9 star.gif
2.199725906950915E11 1.0467191248588766E9 -10.467191248588765 199.72590695091478 1.0E9 star.gif
2.1985092303282645E11 2.4373868681029496E9 -24.373868681029496 198.5092303282644 1.0E9 star.gif
2.1969615506024417E11 3.472963553338607E9 -34.729635533386066 196.9615506024416 1.0E9 star.gif
2.1940591452551993E11 4.838437911993355E9 -48.38437911993355 194.0591452551993 1.0E9 star.gif
2.1902113032590308E11 6.180339887498948E9 -61.803398874989476 190.2113032590307 1.0E9 star.gif
2.1867160852994403E11 7.167358990906005E9 -71.67358990906006 186.71608529944035 1.0E9 star.gif
2.18126155740733E11 8.452365234813989E9 -84.52365234813989 181.26155740732997 1.0E9 star.gif
2.1765895185717853E11 9.389431255717815E9 -93.89431255717817 176.5895185717854 1.0E9 star.gif
2.169609619231285E11 1.0598385284664099E10 -105.98385284664099 169.6096192312852 1.0E9 star.gif
2.1618033988749896E11 1.1755705045849463E10 -117.55705045849463 161.80339887498948 1.0E9 star.gif
2.155429192291394E11 1.258640782099675E10 -125.8640782099675 155.42919229139417 1.0E9 star.gif
2.1462707403238342E11 1.363996720124997E10 -136.3996720124997 146.2707403238341 1.0E9 star.gif
2.1389316740917993E11 1.4386796006773022E10 -143.86796006773022 138.93167409179947 1.0E9 star.gif
2.1285575219373077E11 1.532088886237956E10 -153.20888862379562 128.55752193730788 1.0E9 star.gif
2.1175570504584946E11 1.618033988749895E10 -161.80339887498948 117.55705045849463 1.0E9 star.gif
2.1089278070030054E11 1.677341135890848E10 -167.73411358908479 108.92780700300544 1.0E9 star.gif
2.0969619240492676E11 1.7492394142787914E10 -174.92394142787916 96.96192404926742 1.0E9 star.gif
2.0876742293578156E11 1.797588092598334E10 -179.7588092598334 87.67422935781549 1.0E9 star.gif
2.0749213186831824E11 1.8543677091335747E10 -185.43677091335746 74.92131868318243 1.0E9 star.gif
2.0618033988749896E11 1.9021130325903072E10 -190.2113032590307 61.80339887498949 1.0E9 star.gif
2.051763809020504E11 1.9318516525781364E10 -193.18516525781365 51.76380902050415 1.0E9 star.gif
2.0381617990753088E11 1.963254366895328E10 -196.3254366895328 38.161799075308984 1.0E9 star.gif
2.027834620192013E11 1.9805361374831406E10 -198.05361374831406 27.834620192013094 1.0E9 star.gif
2.013951294748825E11 1.9951281005196484E10 -199.51281005196483 13.951294748825047 1.0E9 star.gif
2.0E11 2.0E10 -200.0 1.2246467991473532E-14 1.0E9 star.gif
1.989532808751411E11 1.9972590695091476E10 -199.72590695091478 -10.467191248588769 1.0E9 star.gif
1.9756261313189706E11 1.9850923032826443E10 -198.5092303282644 -24.373868681029474 1.0E9 star.gif
1.965270364466614E11 1.969615506024416E10 -196.9615506024416 -34.72963553338606 1.0E9 star.gif
1.9516156208800665E11 1.9405914525519928E10 -194.0591452551993 -48.38437911993351 1.0E9 star.gif
1.9381966011250104E11 1.9021130325903072E10 -190.21130325903073 -61.80339887498947 1.0E9 star.gif
1.92832641009094E11 1.8671608529944035E10 -186.71608529944035 -71.67358990906006 1.0E9 star.gif
1.91547634765186E11 1.8126155740733E10 -181.26155740733 -84.52365234813986 1.0E9 star.gif
1.906105687442822E11 1.7658951857178543E10 -176.58951857178542 -93.89431255717811 1.0E9 star.gif
1.894016147153359E11 1.6960961923128521E10 -169.60961923128522 -105.98385284664096 1.0E9 star.gif
1.8824429495415054E11 1.618033988749895E10 -161.80339887498948 -117.5570504584946 1.0E9 star.gif
1.8741359217900327E11 1.554291922913942E10 -155.4291922913942 -125.86407820996746 1.0E9 star.gif
1.8636003279875003E11 1.4627074032383411E10 -146.2707403238341 -136.39967201249968 1.0E9 star.gif
1.85613203993227E11 1.3893167409179949E10 -138.9316740917995 -143.8679600677302 1.0E9 star.gif
1.8467911113762045E11 1.285575219373079E10 -128.55752193730788 -153.2088886237956 1.0E9 star.gif
1.8381966011250104E11 1.1755705045849464E10 -117.55705045849464 -161.80339887498945 1.0E9 star.gif
1.8322658864109152E11 1.0892780700300547E10 -108.92780700300546 -167.73411358908479 1.0E9 star.gif
1.825076058572121E11 9.696192404926743E9 -96.96192404926744 -174.92394142787916 1.0E9 star.gif
1.8202411907401666E11 8.767422935781553E9 -87.67422935781553 -179.75880925983336 1.0E9 star.gif
1.8145632290866425E11 7.492131868318245E9 -74.92131868318245 -185.43677091335746 1.0E9 star.gif
1.8097886967409692E11 6.18033988749895E9 -61.803398874989504 -190.2113032590307 1.0E9 star.gif
1.8068148347421863E11 5.176380902050421E9 -51.763809020504205 -193.18516525781365 1.0E9 star.gif
1.8036745633104672E11 3.8161799075308995E9 -38.16179907530899 -196.3254366895328 1.0E9 star.gif
1.8019463862516858E11 2.7834620192013063E9 -27.834620192013066 -198.05361374831406 1.0E9 star.gif
1.8004871899480353E11 1.3951294748825104E9 -13.951294748825106 -199.51281005196483 1.0E9 star.gif
1.8E11 2.4492935982947063E-6 -2.4492935982947064E-14 -200.0 1.0E9 star.gif
1.800274093049085E11 -1.0467191248588712E9 10.467191248588712 -199.72590695091478 1.0E9 star.gif
1.8014907696717355E11 -2.437386868102955E9 24.37386868102955 -198.5092303282644 1.0E9 star.gif
1.8030384493975583E11 -3.472963553338609E9 34.729635533386094 -196.9615506024416 1.0E9 star.gif
1.8059408547448007E11 -4.83843791199335E9 48.3843791199335 -194.05914525519933 1.0E9 star.gif
1.8097886967409692E11 -6.180339887498955E9 61.80339887498955 -190.2113032590307 1.0E9 star.gif
1.8132839147005597E11 -7.167358990906009E9 71.67358990906008 -186.71608529944035 1.0E9 star.gif
1.81873844259267E11 -8.452365234813986E9 84.52365234813985 -181.26155740733 1.0E9 star.gif
1.8234104814282147E11 -9.38943125571781E9 93.8943125571781 -176.58951857178542 1.0E9 star.gif
1.830390380768715E11 -1.0598385284664095E10 105.98385284664096 -169.60961923128522 1.0E9 star.gif
1.8381966011250104E11 -1.175570504584946E10 117.5570504584946 -161.80339887498948 1.0E9 star.gif
1.8445708077086057E11 -1.2586407820996746E10 125.86407820996746 -155.42919229139423 1.0E9 star.gif
1.8537292596761658E11 -1.3639967201249968E10 136.39967201249968 -146.2707403238341 1.0E9 star.gif
1.8610683259082004E11 -1.4386796006773018E10 143.86796006773017 -138.9316740917995 1.0E9 star.gif
1.8714424780626923E11 -1.5320888862379559E10 153.2088886237956 -128.55752193730788 1.0E9 star.gif
1.8824429495415054E11 -1.6180339887498947E10 161.80339887498945 -117.55705045849464 1.0E9 star.gif
1.8910721929969946E11 -1.6773411358908482E10 167.7341135890848 -108.9278070030054 1.0E9 star.gif
1.9030380759507324E11 -1.749239414278791E10 174.9239414278791 -96.96192404926752 1.0E9 star.gif
1.9123257706421844E11 -1.7975880925983337E10 179.75880925983336 -87.67422935781555 1.0E9 star.gif
1.9250786813168176E11 -1.8543677091335747E10 185.43677091335746 -74.92131868318246 1.0E9 star.gif
1.9381966011250104E11 -1.9021130325903072E10 190.2113032590307 -61.80339887498951 1.0E9 star.gif
1.948236190979496E11 -1.9318516525781364E10 193.18516525781365 -51.76380902050413 1.0E9 star.gif
1.9618382009246912E11 -1.963254366895328E10 196.3254366895328 -38.16179907530892 1.0E9 star.gif
1.9721653798079868E11 -1.9805361374831406E10 198.05361374831406 -27.834620192013166 1.0E9 star.gif
1.986048705251175E11 -1.9951281005196484E10 199.51281005196483 -13.951294748825116 1.0E9 star.gif
2.0E11 -2.0E10 200.0 -3.6739403974420595E-14 1.0E9 star.gif
2.0104671912485886E11 -1.997259069509148E10 199.72590695091478 10.46719124858861 1.0E9 star.gif
2.0243738686810297E11 -1.985092303282644E10 198.5092303282644 24.37386868102954 1.0E9 star.gif
2.034729635533386E11 -1.9696155060244164E10 196.96155060244163 34.729635533385995 1.0E9 star.gif
2.0483843791199335E11 -1.940591452551993E10 194.05914525519933 48.38437911993349 1.0E9 star.gif
2.0618033988749893E11 -1.9021130325903072E10 190.21130325903073 61.80339887498945 1.0E9 star.gif
2.07167358990906E11 -1.8671608529944035E10 186.71608529944035 71.67358990906007 1.0E9 star.gif
2.0845236523481396E11 -1.8126155740733006E10 181.26155740733006 84.52365234813976 1.0E9 star.gif
2.093894312557178E11 -1.7658951857178543E10 176.58951857178542 93.89431255717808 1.0E9 star.gif
2.105983852846641E11 -1.6960961923128521E10 169.60961923128522 105.98385284664093 1.0E9 star.gif
2.1175570504584946E11 -1.6180339887498951E10 161.8033988749895 117.55705045849459 1.0E9 star.gif
2.1258640782099673E11 -1.5542919229139427E10 155.42919229139426 125.86407820996737 1.0E9 star.gif
2.1363996720124997E11 -1.4627074032383408E10 146.27074032383408 136.3996720124997 1.0E9 star.gif
2.14386796006773E11 -1.3893167409179953E10 138.93167409179952 143.86796006773017 1.0E9 star.gif
2.1532088886237955E11 -1.2855752193730791E10 128.5575219373079 153.20888862379556 1.0E9 star.gif
2.1618033988749896E11 -1.1755705045849466E10 117.55705045849467 161.80339887498945 1.0E9 star.gif
2.1677341135890848E11 -1.0892780700300539E10 108.9278070030054 167.7341135890848 1.0E9 star.gif
2.174923941427879E11 -9.696192404926754E9 96.96192404926754 174.92394142787907 1.0E9 star.gif
2.1797588092598334E11 -8.767422935781555E9 87.67422935781556 179.75880925983336 1.0E9 star.gif
2.1854367709133575E11 -7.492131868318247E9 74.92131868318246 185.43677091335746 1.0E9 star.gif
2.1902113032590308E11 -6.180339887498952E9 61.803398874989526 190.2113032590307 1.0E9 star.gif
2.1931851652578137E11 -5.176380902050414E9 51.763809020504134 193.18516525781365 1.0E9 star.gif
2.1963254366895328E11 -3.8161799075308933E9 38.161799075308934 196.3254366895328 1.0E9 star.gif
2.1980536137483142E11 -2.783462019201318E9 27.834620192013176 198.05361374831406 1.0E9 star.gif
2.1995128100519647E11 -1.3951294748825128E9 13.951294748825127 199.51281005196483 1.0E9 star.gif
2.1E11 0.0 -0.0 100.0 1.0E9 star.gif
2.0998629534754575E11 5.233595624294383E8 -5.233595624294383 99.86295347545739 1.0E9 star.gif
2.099254615164132E11 1.2186934340514748E9 -12.186934340514748 99.2546151641322 1.0E9 star.gif
2.0984807753012207E11 1.7364817766693034E9 -17.364817766693033 98.4807753012208 1.0E9 star.gif
2.0970295726275995E11 2.4192189559966774E9 -24.192189559966774 97.02957262759965 1.0E9 star.gif
2.0951056516295154E11 3.090169943749474E9 -30.901699437494738 95.10565162951535 1.0E9 star.gif
2.0933580426497202E11 3.5836794954530025E9 -35.83679495453003 93.35804264972018 1.0E9 star.gif
2.090630778703665E11 4.2261826174069943E9 -42.261826174069945 90.63077870366499 1.0E9 star.gif
2.0882947592858926E11 4.694715627858908E9 -46.947156278589084 88.2947592858927 1.0E9 star.gif
2.0848048096156427E11 5.299192642332049E9 -52.99192642332049 84.8048096156426 1.0E9 star.gif
2.0809016994374948E11 5.877852522924731E9 -58.778525229247315 80.90169943749474 1.0E9 star.gif
2.077714596145697E11 6.293203910498375E9 -62.93203910498375 77.71459614569709 1.0E9 star.gif
2.073135370161917E11 6.819983600624985E9 -68.19983600624985 73.13537016191705 1.0E9 star.gif
2.0694658370458997E11 7.193398003386511E9 -71.93398003386511 69.46583704589973 1.0E9 star.gif
2.064278760968654E11 7.66044443118978E9 -76.60444431189781 64.27876096865394 1.0E9 star.gif
2.0587785252292474E11 8.090169943749475E9 -80.90169943749474 58.778525229247315 1.0E9 star.gif
2.0544639035015027E11 8.38670567945424E9 -83.86705679454239 54.46390350150272 1.0E9 star.gif
2.0484809620246338E11 8.746197071393957E9 -87.46197071393958 48.48096202463371 1.0E9 star.gif
2.0438371146789078E11 8.98794046299167E9 -89.8794046299167 43.837114678907746 1.0E9 star.gif
2.0374606593415912E11 9.271838545667873E9 -92.71838545667873 37.46065934159122 1.0E9 star.gif
2.0309016994374948E11 9.510565162951536E9 -95.10565162951535 30.901699437494745 1.0E9 star.gif
2.025881904510252E11 9.659258262890682E9 -96.59258262890683 25.881904510252074 1.0E9 star.gif
2.0190808995376544E11 9.81627183447664E9 -98.1627183447664 19.080899537654492 1.0E9 star.gif
2.0139173100960065E11 9.902680687415703E9 -99.02680687415703 13.917310096006547 1.0E9 star.gif
2.0069756473744125E11 9.975640502598242E9 -99.75640502598242 6.975647374412524 1.0E9 star.gif
2.0E11 1.0E10 -100.0 6.123233995736766E-15 1.0E9 star.gif
1.9947664043757056E11 9.986295347545738E9 -99.86295347545739 -5.233595624294384 1.0E9 star.gif
1.9878130656594852E11 9.925461516413221E9 -99.2546151641322 -12.186934340514737 1.0E9 star.gif
1.982635182233307E11 9.84807753012208E9 -98.4807753012208 -17.36481776669303 1.0E9 star.gif
1.9758078104400333E11 9.702957262759964E9 -97.02957262759965 -24.192189559966756 1.0E9 star.gif
1.9690983005625052E11 9.510565162951536E9 -95.10565162951536 -30.901699437494734 1.0E9 star.gif
1.96416320504547E11 9.335804264972017E9 -93.35804264972018 -35.83679495453003 1.0E9 star.gif
1.9577381738259302E11 9.0630778703665E9 -90.630778703665 -42.26182617406993 1.0E9 star.gif
1.9530528437214108E11 8.829475928589272E9 -88.29475928589271 -46.947156278589055 1.0E9 star.gif
1.9470080735766794E11 8.4804809615642605E9 -84.80480961564261 -52.99192642332048 1.0E9 star.gif
1.9412214747707526E11 8.090169943749475E9 -80.90169943749474 -58.7785252292473 1.0E9 star.gif
1.9370679608950162E11 7.77145961456971E9 -77.7145961456971 -62.93203910498373 1.0E9 star.gif
1.9318001639937503E11 7.313537016191706E9 -73.13537016191705 -68.19983600624984 1.0E9 star.gif
1.928066019966135E11 6.946583704589974E9 -69.46583704589975 -71.9339800338651 1.0E9 star.gif
1.923395555688102E11 6.427876096865395E9 -64.27876096865394 -76.6044443118978 1.0E9 star.gif
1.9190983005625052E11 5.877852522924732E9 -58.77852522924732 -80.90169943749473 1.0E9 star.gif
1.9161329432054575E11 5.446390350150273E9 -54.46390350150273 -83.86705679454239 1.0E9 star.gif
1.9125380292860605E11 4.848096202463371E9 -48.48096202463372 -87.46197071393958 1.0E9 star.gif
1.9101205953700833E11 4.383711467890777E9 -43.83711467890777 -89.87940462991668 1.0E9 star.gif
1.9072816145433212E11 3.7460659341591225E9 -37.460659341591224 -92.71838545667873 1.0E9 star.gif
1.9048943483704846E11 3.090169943749475E9 -30.901699437494752 -95.10565162951535 1.0E9 star.gif
1.903407417371093E11 2.5881904510252104E9 -25.881904510252102 -96.59258262890683 1.0E9 star.gif
1.9018372816552335E11 1.9080899537654498E9 -19.080899537654496 -98.1627183447664 1.0E9 star.gif
1.900973193125843E11 1.3917310096006532E9 -13.917310096006533 -99.02680687415703 1.0E9 star.gif
1.9002435949740176E11 6.975647374412552E8 -6.975647374412553 -99.75640502598242 1.0E9 star.gif
1.9E11 1.2246467991473532E-6 -1.2246467991473532E-14 -100.0 1.0E9 star.gif
1.9001370465245425E11 -5.233595624294356E8 5.233595624294356 -99.86295347545739 1.0E9 star.gif
1.900745384835868E11 -1.2186934340514774E9 12.186934340514775 -99.2546151641322 1.0E9 star.gif
1.9015192246987793E11 -1.7364817766693046E9 17.364817766693047 -98.4807753012208 1.0E9 star.gif
1.9029704273724002E11 -2.419218955996675E9 24.19218955996675 -97.02957262759966 1.0E9 star.gif
1.9048943483704846E11 -3.0901699437494774E9 30.901699437494774 -95.10565162951535 1.0E9 star.gif
1.9066419573502798E11 -3.5836794954530044E9 35.83679495453004 -93.35804264972018 1.0E9 star.gif
1.9093692212963348E11 -4.226182617406993E9 42.261826174069924 -90.630778703665 1.0E9 star.gif
1.9117052407141074E11 -4.694715627858905E9 46.94715627858905 -88.29475928589271 1.0E9 star.gif
1.9151951903843573E11 -5.299192642332047E9 52.99192642332048 -84.80480961564261 1.0E9 star.gif
1.9190983005625052E11 -5.87785252292473E9 58.7785252292473 -80.90169943749474 1.0E9 star.gif
1.922285403854303E11 -6.293203910498373E9 62.93203910498373 -77.71459614569712 1.0E9 star.gif
1.926864629838083E11 -6.819983600624984E9 68.19983600624984 -73.13537016191705 1.0E9 star.gif
1.9305341629541003E11 -7.193398003386509E9 71.93398003386508 -69.46583704589975 1.0E9 star.gif
1.935721239031346E11 -7.660444431189779E9 76.6044443118978 -64.27876096865394 1.0E9 star.gif
1.9412214747707526E11 -8.090169943749474E9 80.90169943749473 -58.77852522924732 1.0E9 star.gif
1.9455360964984973E11 -8.386705679454241E9 83.8670567945424 -54.4639035015027 1.0E9 star.gif
1.9515190379753662E11 -8.746197071393955E9 87.46197071393955 -48.48096202463376 1.0E9 star.gif
1.9561628853210922E11 -8.987940462991669E9 89.87940462991668 -43.837114678907774 1.0E9 star.gif
1.9625393406584088E11 -9.271838545667873E9 92.71838545667873 -37.46065934159123 1.0E9 star.gif
1.9690983005625052E11 -9.510565162951536E9 95.10565162951535 -30.901699437494756 1.0E9 star.gif
1.974118095489748E11 -9.659258262890682E9 96.59258262890683 -25.881904510252063 1.0E9 star.gif
1.9809191004623456E11 -9.81627183447664E9 98.1627183447664 -19.08089953765446 1.0E9 star.gif
1.9860826899039935E11 -9.902680687415703E9 99.02680687415703 -13.917310096006583 1.0E9 star.gif
1.9930243526255875E11 -9.975640502598242E9 99.75640502598242 -6.975647374412558 1.0E9 star.gif
2.0E11 -1.0E10 100.0 -1.8369701987210297E-14 1.0E9 star.gif
2.0052335956242944E11 -9.98629534754574E9 99.86295347545739 5.233595624294305 1.0E9 star.gif
2.0121869343405148E11 -9.92546151641322E9 99.2546151641322 12.18693434051477 1.0E9 star.gif
2.017364817766693E11 -9.848077530122082E9 98.48077530122082 17.364817766692997 1.0E9 star.gif
2.0241921895599667E11 -9.702957262759966E9 97.02957262759966 24.192189559966746 1.0E9 star.gif
2.0309016994374948E11 -9.510565162951536E9 95.10565162951536 30.901699437494724 1.0E9 star.gif
2.03583679495453E11 -9.335804264972017E9 93.35804264972018 35.836794954530035 1.0E9 star.gif
2.0422618261740698E11 -9.063077870366503E9 90.63077870366503 42.26182617406988 1.0E9 star.gif
2.0469471562785892E11 -8.829475928589272E9 88.29475928589271 46.94715627858904 1.0E9 star.gif
2.0529919264233203E11 -8.4804809615642605E9 84.80480961564261 52.991926423320464 1.0E9 star.gif
2.0587785252292474E11 -8.0901699437494755E9 80.90169943749476 58.77852522924729 1.0E9 star.gif
2.0629320391049838E11 -7.771459614569714E9 77.71459614569713 62.93203910498369 1.0E9 star.gif
2.06819983600625E11 -7.313537016191704E9 73.13537016191704 68.19983600624985 1.0E9 star.gif
2.071933980033865E11 -6.946583704589976E9 69.46583704589976 71.93398003386508 1.0E9 star.gif
2.076604444311898E11 -6.427876096865396E9 64.27876096865396 76.60444431189778 1.0E9 star.gif
2.0809016994374948E11 -5.877852522924733E9 58.778525229247336 80.90169943749473 1.0E9 star.gif
2.0838670567945425E11 -5.4463903501502695E9 54.4639035015027 83.8670567945424 1.0E9 star.gif
2.0874619707139395E11 -4.848096202463377E9 48.48096202463377 87.46197071393954 1.0E9 star.gif
2.0898794046299167E11 -4.383711467890778E9 43.83711467890778 89.87940462991668 1.0E9 star.gif
2.0927183854566788E11 -3.7460659341591234E9 37.46065934159123 92.71838545667873 1.0E9 star.gif
2.0951056516295154E11 -3.090169943749476E9 30.901699437494763 95.10565162951535 1.0E9 star.gif
2.096592582628907E11 -2.588190451025207E9 25.881904510252067 96.59258262890683 1.0E9 star.gif
2.0981627183447665E11 -1.9080899537654467E9 19.080899537654467 98.1627183447664 1.0E9 star.gif
2.099026806874157E11 -1.391731009600659E9 13.917310096006588 99.02680687415703 1.0E9 star.gif
2.0997564050259824E11 -6.975647374412564E8 6.9756473744125636 99.75640502598242 1.0E9 star.gif
2.0E11 0.0 0.0 0.0 1.0E15 star.gif
3.414213562373095E11 1.4142135623730948E11 -21213.203435596424 21213.203435596428 1.0E31 star.gif

Generated by NSysGen. Peter Jin, 2008.
This solar system shows the possibility of simulating a black hole, given a 
better N-body simulator taking into account relativistic physics.
